/*--------------------------------*- C++ -*----------------------------------*\
| =========                 |                                                 |
| \\      /  F ield         | OpenFOAM: The Open Source CFD Toolbox           |
|  \\    /   O peration     | Version:  2412                                  |
|   \\  /    A nd           | Website:  www.openfoam.com                      |
|    \\/     M anipulation  |                                                 |
\*---------------------------------------------------------------------------*/
FoamFile
{
    version     2.0;
    format      ascii;
    arch        "LSB;label=32;scalar=64";
    note        "nPoints:18280  nCells:8896  nFaces:35828  nInternalFaces:17548";
    class       labelList;
    location    "constant/polyMesh";
    object      neighbour;
}
// * * * * * * * * * * * * * * * * * * * * * * * * * * * * * * * * * * * * * //


17548
(
1
10
2990
2
11
2991
3
12
2992
4
13
2993
5
14
2994
6
15
2995
7
16
2996
8
17
2997
9
18
2998
19
160
2999
11
20
12
21
13
22
14
23
15
24
16
25
17
26
18
27
19
28
29
204
21
30
22
31
23
32
24
33
25
34
26
35
27
36
28
37
29
38
39
248
31
40
32
41
33
42
34
43
35
44
36
45
37
46
38
47
39
48
49
292
41
50
42
51
43
52
44
53
45
54
46
55
47
56
48
57
49
58
59
336
51
60
52
61
53
62
54
63
55
64
56
65
57
66
58
67
59
68
69
380
61
70
62
71
63
72
64
73
65
74
66
75
67
76
68
77
69
78
79
424
71
80
72
81
73
82
74
83
75
84
76
85
77
86
78
87
79
88
89
468
81
90
82
91
83
92
84
93
85
94
86
95
87
96
88
97
89
98
99
512
91
100
92
101
93
102
94
103
95
104
96
105
97
106
98
107
99
108
109
556
101
110
102
111
103
112
104
113
105
114
106
115
107
116
108
117
109
118
119
600
111
120
112
121
113
122
114
123
115
124
116
125
117
126
118
127
119
128
129
644
121
130
122
131
123
132
124
133
125
134
126
135
127
136
128
137
129
138
139
688
131
140
132
141
133
142
134
143
135
144
136
145
137
146
138
147
139
148
149
732
141
150
142
151
143
152
144
153
145
154
146
155
147
156
148
157
149
158
159
776
151
152
153
154
155
156
157
158
159
820
161
204
7708
162
205
7709
163
206
7710
164
207
7711
165
208
7712
166
209
7713
167
210
7714
168
211
7715
169
212
7716
170
213
7717
171
214
7718
172
215
7719
173
216
7720
174
217
7721
175
218
7722
176
219
7723
177
220
7724
178
221
7725
179
222
7726
180
223
7727
181
224
7728
182
225
7729
183
226
7730
184
227
7731
185
228
7732
186
229
7733
187
230
7734
188
231
7735
189
232
7736
190
233
7737
191
234
7738
192
235
7739
193
236
7740
194
237
7741
195
238
7742
196
239
7743
197
240
7744
198
241
7745
199
242
7746
200
243
7747
201
244
7748
202
245
7749
203
246
7750
247
864
7751
205
248
206
249
207
250
208
251
209
252
210
253
211
254
212
255
213
256
214
257
215
258
216
259
217
260
218
261
219
262
220
263
221
264
222
265
223
266
224
267
225
268
226
269
227
270
228
271
229
272
230
273
231
274
232
275
233
276
234
277
235
278
236
279
237
280
238
281
239
282
240
283
241
284
242
285
243
286
244
287
245
288
246
289
247
290
291
890
249
292
250
293
251
294
252
295
253
296
254
297
255
298
256
299
257
300
258
301
259
302
260
303
261
304
262
305
263
306
264
307
265
308
266
309
267
310
268
311
269
312
270
313
271
314
272
315
273
316
274
317
275
318
276
319
277
320
278
321
279
322
280
323
281
324
282
325
283
326
284
327
285
328
286
329
287
330
288
331
289
332
290
333
291
334
335
916
293
336
294
337
295
338
296
339
297
340
298
341
299
342
300
343
301
344
302
345
303
346
304
347
305
348
306
349
307
350
308
351
309
352
310
353
311
354
312
355
313
356
314
357
315
358
316
359
317
360
318
361
319
362
320
363
321
364
322
365
323
366
324
367
325
368
326
369
327
370
328
371
329
372
330
373
331
374
332
375
333
376
334
377
335
378
379
942
337
380
338
381
339
382
340
383
341
384
342
385
343
386
344
387
345
388
346
389
347
390
348
391
349
392
350
393
351
394
352
395
353
396
354
397
355
398
356
399
357
400
358
401
359
402
360
403
361
404
362
405
363
406
364
407
365
408
366
409
367
410
368
411
369
412
370
413
371
414
372
415
373
416
374
417
375
418
376
419
377
420
378
421
379
422
423
968
381
424
382
425
383
426
384
427
385
428
386
429
387
430
388
431
389
432
390
433
391
434
392
435
393
436
394
437
395
438
396
439
397
440
398
441
399
442
400
443
401
444
402
445
403
446
404
447
405
448
406
449
407
450
408
451
409
452
410
453
411
454
412
455
413
456
414
457
415
458
416
459
417
460
418
461
419
462
420
463
421
464
422
465
423
466
467
994
425
468
426
469
427
470
428
471
429
472
430
473
431
474
432
475
433
476
434
477
435
478
436
479
437
480
438
481
439
482
440
483
441
484
442
485
443
486
444
487
445
488
446
489
447
490
448
491
449
492
450
493
451
494
452
495
453
496
454
497
455
498
456
499
457
500
458
501
459
502
460
503
461
504
462
505
463
506
464
507
465
508
466
509
467
510
511
1020
469
512
470
513
471
514
472
515
473
516
474
517
475
518
476
519
477
520
478
521
479
522
480
523
481
524
482
525
483
526
484
527
485
528
486
529
487
530
488
531
489
532
490
533
491
534
492
535
493
536
494
537
495
538
496
539
497
540
498
541
499
542
500
543
501
544
502
545
503
546
504
547
505
548
506
549
507
550
508
551
509
552
510
553
511
554
555
1046
513
556
514
557
515
558
516
559
517
560
518
561
519
562
520
563
521
564
522
565
523
566
524
567
525
568
526
569
527
570
528
571
529
572
530
573
531
574
532
575
533
576
534
577
535
578
536
579
537
580
538
581
539
582
540
583
541
584
542
585
543
586
544
587
545
588
546
589
547
590
548
591
549
592
550
593
551
594
552
595
553
596
554
597
555
598
599
1072
557
600
558
601
559
602
560
603
561
604
562
605
563
606
564
607
565
608
566
609
567
610
568
611
569
612
570
613
571
614
572
615
573
616
574
617
575
618
576
619
577
620
578
621
579
622
580
623
581
624
582
625
583
626
584
627
585
628
586
629
587
630
588
631
589
632
590
633
591
634
592
635
593
636
594
637
595
638
596
639
597
640
598
641
599
642
643
1098
601
644
602
645
603
646
604
647
605
648
606
649
607
650
608
651
609
652
610
653
611
654
612
655
613
656
614
657
615
658
616
659
617
660
618
661
619
662
620
663
621
664
622
665
623
666
624
667
625
668
626
669
627
670
628
671
629
672
630
673
631
674
632
675
633
676
634
677
635
678
636
679
637
680
638
681
639
682
640
683
641
684
642
685
643
686
687
1124
645
688
646
689
647
690
648
691
649
692
650
693
651
694
652
695
653
696
654
697
655
698
656
699
657
700
658
701
659
702
660
703
661
704
662
705
663
706
664
707
665
708
666
709
667
710
668
711
669
712
670
713
671
714
672
715
673
716
674
717
675
718
676
719
677
720
678
721
679
722
680
723
681
724
682
725
683
726
684
727
685
728
686
729
687
730
731
1150
689
732
690
733
691
734
692
735
693
736
694
737
695
738
696
739
697
740
698
741
699
742
700
743
701
744
702
745
703
746
704
747
705
748
706
749
707
750
708
751
709
752
710
753
711
754
712
755
713
756
714
757
715
758
716
759
717
760
718
761
719
762
720
763
721
764
722
765
723
766
724
767
725
768
726
769
727
770
728
771
729
772
730
773
731
774
775
1176
733
776
734
777
735
778
736
779
737
780
738
781
739
782
740
783
741
784
742
785
743
786
744
787
745
788
746
789
747
790
748
791
749
792
750
793
751
794
752
795
753
796
754
797
755
798
756
799
757
800
758
801
759
802
760
803
761
804
762
805
763
806
764
807
765
808
766
809
767
810
768
811
769
812
770
813
771
814
772
815
773
816
774
817
775
818
819
1202
777
820
778
821
779
822
780
823
781
824
782
825
783
826
784
827
785
828
786
829
787
830
788
831
789
832
790
833
791
834
792
835
793
836
794
837
795
838
796
839
797
840
798
841
799
842
800
843
801
844
802
845
803
846
804
847
805
848
806
849
807
850
808
851
809
852
810
853
811
854
812
855
813
856
814
857
815
858
816
859
817
860
818
861
819
862
863
1228
821
822
823
824
825
826
827
828
829
830
831
832
833
834
835
836
837
838
839
840
841
842
843
844
845
846
847
848
849
850
851
852
853
854
855
856
857
858
859
860
861
862
863
1254
865
890
8870
866
891
8871
867
892
8872
868
893
8873
869
894
8874
870
895
8875
871
896
8876
872
897
8877
873
898
8878
874
899
8879
875
900
8880
876
901
8881
877
902
8882
878
903
8883
879
904
8884
880
905
8885
881
906
8886
882
907
8887
883
908
8888
884
909
8889
885
910
8890
886
911
8891
887
912
8892
888
913
8893
889
914
8894
915
8895
891
916
892
917
893
918
894
919
895
920
896
921
897
922
898
923
899
924
900
925
901
926
902
927
903
928
904
929
905
930
906
931
907
932
908
933
909
934
910
935
911
936
912
937
913
938
914
939
915
940
941
917
942
918
943
919
944
920
945
921
946
922
947
923
948
924
949
925
950
926
951
927
952
928
953
929
954
930
955
931
956
932
957
933
958
934
959
935
960
936
961
937
962
938
963
939
964
940
965
941
966
967
943
968
944
969
945
970
946
971
947
972
948
973
949
974
950
975
951
976
952
977
953
978
954
979
955
980
956
981
957
982
958
983
959
984
960
985
961
986
962
987
963
988
964
989
965
990
966
991
967
992
993
969
994
970
995
971
996
972
997
973
998
974
999
975
1000
976
1001
977
1002
978
1003
979
1004
980
1005
981
1006
982
1007
983
1008
984
1009
985
1010
986
1011
987
1012
988
1013
989
1014
990
1015
991
1016
992
1017
993
1018
1019
995
1020
996
1021
997
1022
998
1023
999
1024
1000
1025
1001
1026
1002
1027
1003
1028
1004
1029
1005
1030
1006
1031
1007
1032
1008
1033
1009
1034
1010
1035
1011
1036
1012
1037
1013
1038
1014
1039
1015
1040
1016
1041
1017
1042
1018
1043
1019
1044
1045
1021
1046
1022
1047
1023
1048
1024
1049
1025
1050
1026
1051
1027
1052
1028
1053
1029
1054
1030
1055
1031
1056
1032
1057
1033
1058
1034
1059
1035
1060
1036
1061
1037
1062
1038
1063
1039
1064
1040
1065
1041
1066
1042
1067
1043
1068
1044
1069
1045
1070
1071
1047
1072
1048
1073
1049
1074
1050
1075
1051
1076
1052
1077
1053
1078
1054
1079
1055
1080
1056
1081
1057
1082
1058
1083
1059
1084
1060
1085
1061
1086
1062
1087
1063
1088
1064
1089
1065
1090
1066
1091
1067
1092
1068
1093
1069
1094
1070
1095
1071
1096
1097
1073
1098
1074
1099
1075
1100
1076
1101
1077
1102
1078
1103
1079
1104
1080
1105
1081
1106
1082
1107
1083
1108
1084
1109
1085
1110
1086
1111
1087
1112
1088
1113
1089
1114
1090
1115
1091
1116
1092
1117
1093
1118
1094
1119
1095
1120
1096
1121
1097
1122
1123
1099
1124
1100
1125
1101
1126
1102
1127
1103
1128
1104
1129
1105
1130
1106
1131
1107
1132
1108
1133
1109
1134
1110
1135
1111
1136
1112
1137
1113
1138
1114
1139
1115
1140
1116
1141
1117
1142
1118
1143
1119
1144
1120
1145
1121
1146
1122
1147
1123
1148
1149
1125
1150
1126
1151
1127
1152
1128
1153
1129
1154
1130
1155
1131
1156
1132
1157
1133
1158
1134
1159
1135
1160
1136
1161
1137
1162
1138
1163
1139
1164
1140
1165
1141
1166
1142
1167
1143
1168
1144
1169
1145
1170
1146
1171
1147
1172
1148
1173
1149
1174
1175
1151
1176
1152
1177
1153
1178
1154
1179
1155
1180
1156
1181
1157
1182
1158
1183
1159
1184
1160
1185
1161
1186
1162
1187
1163
1188
1164
1189
1165
1190
1166
1191
1167
1192
1168
1193
1169
1194
1170
1195
1171
1196
1172
1197
1173
1198
1174
1199
1175
1200
1201
1177
1202
1178
1203
1179
1204
1180
1205
1181
1206
1182
1207
1183
1208
1184
1209
1185
1210
1186
1211
1187
1212
1188
1213
1189
1214
1190
1215
1191
1216
1192
1217
1193
1218
1194
1219
1195
1220
1196
1221
1197
1222
1198
1223
1199
1224
1200
1225
1201
1226
1227
1203
1228
1204
1229
1205
1230
1206
1231
1207
1232
1208
1233
1209
1234
1210
1235
1211
1236
1212
1237
1213
1238
1214
1239
1215
1240
1216
1241
1217
1242
1218
1243
1219
1244
1220
1245
1221
1246
1222
1247
1223
1248
1224
1249
1225
1250
1226
1251
1227
1252
1253
1229
1254
1230
1255
1231
1256
1232
1257
1233
1258
1234
1259
1235
1260
1236
1261
1237
1262
1238
1263
1239
1264
1240
1265
1241
1266
1242
1267
1243
1268
1244
1269
1245
1270
1246
1271
1247
1272
1248
1273
1249
1274
1250
1275
1251
1276
1252
1277
1253
1278
1279
1255
1256
1257
1258
1259
1260
1261
1262
1263
1264
1265
1266
1267
1268
1269
1270
1271
1272
1273
1274
1275
1276
1277
1278
1279
1281
1290
2560
1282
1291
2561
1283
1292
2562
1284
1293
2563
1285
1294
2564
1286
1295
2565
1287
1296
2566
1288
1297
2567
1289
1298
2568
1299
1440
2569
1291
1300
1292
1301
1293
1302
1294
1303
1295
1304
1296
1305
1297
1306
1298
1307
1299
1308
1309
1484
1301
1310
1302
1311
1303
1312
1304
1313
1305
1314
1306
1315
1307
1316
1308
1317
1309
1318
1319
1528
1311
1320
1312
1321
1313
1322
1314
1323
1315
1324
1316
1325
1317
1326
1318
1327
1319
1328
1329
1572
1321
1330
1322
1331
1323
1332
1324
1333
1325
1334
1326
1335
1327
1336
1328
1337
1329
1338
1339
1616
1331
1340
1332
1341
1333
1342
1334
1343
1335
1344
1336
1345
1337
1346
1338
1347
1339
1348
1349
1660
1341
1350
1342
1351
1343
1352
1344
1353
1345
1354
1346
1355
1347
1356
1348
1357
1349
1358
1359
1704
1351
1360
1352
1361
1353
1362
1354
1363
1355
1364
1356
1365
1357
1366
1358
1367
1359
1368
1369
1748
1361
1370
1362
1371
1363
1372
1364
1373
1365
1374
1366
1375
1367
1376
1368
1377
1369
1378
1379
1792
1371
1380
1372
1381
1373
1382
1374
1383
1375
1384
1376
1385
1377
1386
1378
1387
1379
1388
1389
1836
1381
1390
1382
1391
1383
1392
1384
1393
1385
1394
1386
1395
1387
1396
1388
1397
1389
1398
1399
1880
1391
1400
1392
1401
1393
1402
1394
1403
1395
1404
1396
1405
1397
1406
1398
1407
1399
1408
1409
1924
1401
1410
1402
1411
1403
1412
1404
1413
1405
1414
1406
1415
1407
1416
1408
1417
1409
1418
1419
1968
1411
1420
1412
1421
1413
1422
1414
1423
1415
1424
1416
1425
1417
1426
1418
1427
1419
1428
1429
2012
1421
1430
1422
1431
1423
1432
1424
1433
1425
1434
1426
1435
1427
1436
1428
1437
1429
1438
1439
2056
1431
1432
1433
1434
1435
1436
1437
1438
1439
2100
1441
1484
6388
1442
1485
6389
1443
1486
6390
1444
1487
6391
1445
1488
6392
1446
1489
6393
1447
1490
6394
1448
1491
6395
1449
1492
6396
1450
1493
6397
1451
1494
6398
1452
1495
6399
1453
1496
6400
1454
1497
6401
1455
1498
6402
1456
1499
6403
1457
1500
6404
1458
1501
6405
1459
1502
6406
1460
1503
6407
1461
1504
6408
1462
1505
6409
1463
1506
6410
1464
1507
6411
1465
1508
6412
1466
1509
6413
1467
1510
6414
1468
1511
6415
1469
1512
6416
1470
1513
6417
1471
1514
6418
1472
1515
6419
1473
1516
6420
1474
1517
6421
1475
1518
6422
1476
1519
6423
1477
1520
6424
1478
1521
6425
1479
1522
6426
1480
1523
6427
1481
1524
6428
1482
1525
6429
1483
1526
6430
1527
2144
6431
1485
1528
1486
1529
1487
1530
1488
1531
1489
1532
1490
1533
1491
1534
1492
1535
1493
1536
1494
1537
1495
1538
1496
1539
1497
1540
1498
1541
1499
1542
1500
1543
1501
1544
1502
1545
1503
1546
1504
1547
1505
1548
1506
1549
1507
1550
1508
1551
1509
1552
1510
1553
1511
1554
1512
1555
1513
1556
1514
1557
1515
1558
1516
1559
1517
1560
1518
1561
1519
1562
1520
1563
1521
1564
1522
1565
1523
1566
1524
1567
1525
1568
1526
1569
1527
1570
1571
2170
1529
1572
1530
1573
1531
1574
1532
1575
1533
1576
1534
1577
1535
1578
1536
1579
1537
1580
1538
1581
1539
1582
1540
1583
1541
1584
1542
1585
1543
1586
1544
1587
1545
1588
1546
1589
1547
1590
1548
1591
1549
1592
1550
1593
1551
1594
1552
1595
1553
1596
1554
1597
1555
1598
1556
1599
1557
1600
1558
1601
1559
1602
1560
1603
1561
1604
1562
1605
1563
1606
1564
1607
1565
1608
1566
1609
1567
1610
1568
1611
1569
1612
1570
1613
1571
1614
1615
2196
1573
1616
1574
1617
1575
1618
1576
1619
1577
1620
1578
1621
1579
1622
1580
1623
1581
1624
1582
1625
1583
1626
1584
1627
1585
1628
1586
1629
1587
1630
1588
1631
1589
1632
1590
1633
1591
1634
1592
1635
1593
1636
1594
1637
1595
1638
1596
1639
1597
1640
1598
1641
1599
1642
1600
1643
1601
1644
1602
1645
1603
1646
1604
1647
1605
1648
1606
1649
1607
1650
1608
1651
1609
1652
1610
1653
1611
1654
1612
1655
1613
1656
1614
1657
1615
1658
1659
2222
1617
1660
1618
1661
1619
1662
1620
1663
1621
1664
1622
1665
1623
1666
1624
1667
1625
1668
1626
1669
1627
1670
1628
1671
1629
1672
1630
1673
1631
1674
1632
1675
1633
1676
1634
1677
1635
1678
1636
1679
1637
1680
1638
1681
1639
1682
1640
1683
1641
1684
1642
1685
1643
1686
1644
1687
1645
1688
1646
1689
1647
1690
1648
1691
1649
1692
1650
1693
1651
1694
1652
1695
1653
1696
1654
1697
1655
1698
1656
1699
1657
1700
1658
1701
1659
1702
1703
2248
1661
1704
1662
1705
1663
1706
1664
1707
1665
1708
1666
1709
1667
1710
1668
1711
1669
1712
1670
1713
1671
1714
1672
1715
1673
1716
1674
1717
1675
1718
1676
1719
1677
1720
1678
1721
1679
1722
1680
1723
1681
1724
1682
1725
1683
1726
1684
1727
1685
1728
1686
1729
1687
1730
1688
1731
1689
1732
1690
1733
1691
1734
1692
1735
1693
1736
1694
1737
1695
1738
1696
1739
1697
1740
1698
1741
1699
1742
1700
1743
1701
1744
1702
1745
1703
1746
1747
2274
1705
1748
1706
1749
1707
1750
1708
1751
1709
1752
1710
1753
1711
1754
1712
1755
1713
1756
1714
1757
1715
1758
1716
1759
1717
1760
1718
1761
1719
1762
1720
1763
1721
1764
1722
1765
1723
1766
1724
1767
1725
1768
1726
1769
1727
1770
1728
1771
1729
1772
1730
1773
1731
1774
1732
1775
1733
1776
1734
1777
1735
1778
1736
1779
1737
1780
1738
1781
1739
1782
1740
1783
1741
1784
1742
1785
1743
1786
1744
1787
1745
1788
1746
1789
1747
1790
1791
2300
1749
1792
1750
1793
1751
1794
1752
1795
1753
1796
1754
1797
1755
1798
1756
1799
1757
1800
1758
1801
1759
1802
1760
1803
1761
1804
1762
1805
1763
1806
1764
1807
1765
1808
1766
1809
1767
1810
1768
1811
1769
1812
1770
1813
1771
1814
1772
1815
1773
1816
1774
1817
1775
1818
1776
1819
1777
1820
1778
1821
1779
1822
1780
1823
1781
1824
1782
1825
1783
1826
1784
1827
1785
1828
1786
1829
1787
1830
1788
1831
1789
1832
1790
1833
1791
1834
1835
2326
1793
1836
1794
1837
1795
1838
1796
1839
1797
1840
1798
1841
1799
1842
1800
1843
1801
1844
1802
1845
1803
1846
1804
1847
1805
1848
1806
1849
1807
1850
1808
1851
1809
1852
1810
1853
1811
1854
1812
1855
1813
1856
1814
1857
1815
1858
1816
1859
1817
1860
1818
1861
1819
1862
1820
1863
1821
1864
1822
1865
1823
1866
1824
1867
1825
1868
1826
1869
1827
1870
1828
1871
1829
1872
1830
1873
1831
1874
1832
1875
1833
1876
1834
1877
1835
1878
1879
2352
1837
1880
1838
1881
1839
1882
1840
1883
1841
1884
1842
1885
1843
1886
1844
1887
1845
1888
1846
1889
1847
1890
1848
1891
1849
1892
1850
1893
1851
1894
1852
1895
1853
1896
1854
1897
1855
1898
1856
1899
1857
1900
1858
1901
1859
1902
1860
1903
1861
1904
1862
1905
1863
1906
1864
1907
1865
1908
1866
1909
1867
1910
1868
1911
1869
1912
1870
1913
1871
1914
1872
1915
1873
1916
1874
1917
1875
1918
1876
1919
1877
1920
1878
1921
1879
1922
1923
2378
1881
1924
1882
1925
1883
1926
1884
1927
1885
1928
1886
1929
1887
1930
1888
1931
1889
1932
1890
1933
1891
1934
1892
1935
1893
1936
1894
1937
1895
1938
1896
1939
1897
1940
1898
1941
1899
1942
1900
1943
1901
1944
1902
1945
1903
1946
1904
1947
1905
1948
1906
1949
1907
1950
1908
1951
1909
1952
1910
1953
1911
1954
1912
1955
1913
1956
1914
1957
1915
1958
1916
1959
1917
1960
1918
1961
1919
1962
1920
1963
1921
1964
1922
1965
1923
1966
1967
2404
1925
1968
1926
1969
1927
1970
1928
1971
1929
1972
1930
1973
1931
1974
1932
1975
1933
1976
1934
1977
1935
1978
1936
1979
1937
1980
1938
1981
1939
1982
1940
1983
1941
1984
1942
1985
1943
1986
1944
1987
1945
1988
1946
1989
1947
1990
1948
1991
1949
1992
1950
1993
1951
1994
1952
1995
1953
1996
1954
1997
1955
1998
1956
1999
1957
2000
1958
2001
1959
2002
1960
2003
1961
2004
1962
2005
1963
2006
1964
2007
1965
2008
1966
2009
1967
2010
2011
2430
1969
2012
1970
2013
1971
2014
1972
2015
1973
2016
1974
2017
1975
2018
1976
2019
1977
2020
1978
2021
1979
2022
1980
2023
1981
2024
1982
2025
1983
2026
1984
2027
1985
2028
1986
2029
1987
2030
1988
2031
1989
2032
1990
2033
1991
2034
1992
2035
1993
2036
1994
2037
1995
2038
1996
2039
1997
2040
1998
2041
1999
2042
2000
2043
2001
2044
2002
2045
2003
2046
2004
2047
2005
2048
2006
2049
2007
2050
2008
2051
2009
2052
2010
2053
2011
2054
2055
2456
2013
2056
2014
2057
2015
2058
2016
2059
2017
2060
2018
2061
2019
2062
2020
2063
2021
2064
2022
2065
2023
2066
2024
2067
2025
2068
2026
2069
2027
2070
2028
2071
2029
2072
2030
2073
2031
2074
2032
2075
2033
2076
2034
2077
2035
2078
2036
2079
2037
2080
2038
2081
2039
2082
2040
2083
2041
2084
2042
2085
2043
2086
2044
2087
2045
2088
2046
2089
2047
2090
2048
2091
2049
2092
2050
2093
2051
2094
2052
2095
2053
2096
2054
2097
2055
2098
2099
2482
2057
2100
2058
2101
2059
2102
2060
2103
2061
2104
2062
2105
2063
2106
2064
2107
2065
2108
2066
2109
2067
2110
2068
2111
2069
2112
2070
2113
2071
2114
2072
2115
2073
2116
2074
2117
2075
2118
2076
2119
2077
2120
2078
2121
2079
2122
2080
2123
2081
2124
2082
2125
2083
2126
2084
2127
2085
2128
2086
2129
2087
2130
2088
2131
2089
2132
2090
2133
2091
2134
2092
2135
2093
2136
2094
2137
2095
2138
2096
2139
2097
2140
2098
2141
2099
2142
2143
2508
2101
2102
2103
2104
2105
2106
2107
2108
2109
2110
2111
2112
2113
2114
2115
2116
2117
2118
2119
2120
2121
2122
2123
2124
2125
2126
2127
2128
2129
2130
2131
2132
2133
2134
2135
2136
2137
2138
2139
2140
2141
2142
2143
2534
2145
2170
7752
2146
2171
7753
2147
2172
7754
2148
2173
7755
2149
2174
7756
2150
2175
7757
2151
2176
7758
2152
2177
7759
2153
2178
7760
2154
2179
7761
2155
2180
7762
2156
2181
7763
2157
2182
7764
2158
2183
7765
2159
2184
7766
2160
2185
7767
2161
2186
7768
2162
2187
7769
2163
2188
7770
2164
2189
7771
2165
2190
7772
2166
2191
7773
2167
2192
7774
2168
2193
7775
2169
2194
7776
2195
7777
2171
2196
2172
2197
2173
2198
2174
2199
2175
2200
2176
2201
2177
2202
2178
2203
2179
2204
2180
2205
2181
2206
2182
2207
2183
2208
2184
2209
2185
2210
2186
2211
2187
2212
2188
2213
2189
2214
2190
2215
2191
2216
2192
2217
2193
2218
2194
2219
2195
2220
2221
2197
2222
2198
2223
2199
2224
2200
2225
2201
2226
2202
2227
2203
2228
2204
2229
2205
2230
2206
2231
2207
2232
2208
2233
2209
2234
2210
2235
2211
2236
2212
2237
2213
2238
2214
2239
2215
2240
2216
2241
2217
2242
2218
2243
2219
2244
2220
2245
2221
2246
2247
2223
2248
2224
2249
2225
2250
2226
2251
2227
2252
2228
2253
2229
2254
2230
2255
2231
2256
2232
2257
2233
2258
2234
2259
2235
2260
2236
2261
2237
2262
2238
2263
2239
2264
2240
2265
2241
2266
2242
2267
2243
2268
2244
2269
2245
2270
2246
2271
2247
2272
2273
2249
2274
2250
2275
2251
2276
2252
2277
2253
2278
2254
2279
2255
2280
2256
2281
2257
2282
2258
2283
2259
2284
2260
2285
2261
2286
2262
2287
2263
2288
2264
2289
2265
2290
2266
2291
2267
2292
2268
2293
2269
2294
2270
2295
2271
2296
2272
2297
2273
2298
2299
2275
2300
2276
2301
2277
2302
2278
2303
2279
2304
2280
2305
2281
2306
2282
2307
2283
2308
2284
2309
2285
2310
2286
2311
2287
2312
2288
2313
2289
2314
2290
2315
2291
2316
2292
2317
2293
2318
2294
2319
2295
2320
2296
2321
2297
2322
2298
2323
2299
2324
2325
2301
2326
2302
2327
2303
2328
2304
2329
2305
2330
2306
2331
2307
2332
2308
2333
2309
2334
2310
2335
2311
2336
2312
2337
2313
2338
2314
2339
2315
2340
2316
2341
2317
2342
2318
2343
2319
2344
2320
2345
2321
2346
2322
2347
2323
2348
2324
2349
2325
2350
2351
2327
2352
2328
2353
2329
2354
2330
2355
2331
2356
2332
2357
2333
2358
2334
2359
2335
2360
2336
2361
2337
2362
2338
2363
2339
2364
2340
2365
2341
2366
2342
2367
2343
2368
2344
2369
2345
2370
2346
2371
2347
2372
2348
2373
2349
2374
2350
2375
2351
2376
2377
2353
2378
2354
2379
2355
2380
2356
2381
2357
2382
2358
2383
2359
2384
2360
2385
2361
2386
2362
2387
2363
2388
2364
2389
2365
2390
2366
2391
2367
2392
2368
2393
2369
2394
2370
2395
2371
2396
2372
2397
2373
2398
2374
2399
2375
2400
2376
2401
2377
2402
2403
2379
2404
2380
2405
2381
2406
2382
2407
2383
2408
2384
2409
2385
2410
2386
2411
2387
2412
2388
2413
2389
2414
2390
2415
2391
2416
2392
2417
2393
2418
2394
2419
2395
2420
2396
2421
2397
2422
2398
2423
2399
2424
2400
2425
2401
2426
2402
2427
2403
2428
2429
2405
2430
2406
2431
2407
2432
2408
2433
2409
2434
2410
2435
2411
2436
2412
2437
2413
2438
2414
2439
2415
2440
2416
2441
2417
2442
2418
2443
2419
2444
2420
2445
2421
2446
2422
2447
2423
2448
2424
2449
2425
2450
2426
2451
2427
2452
2428
2453
2429
2454
2455
2431
2456
2432
2457
2433
2458
2434
2459
2435
2460
2436
2461
2437
2462
2438
2463
2439
2464
2440
2465
2441
2466
2442
2467
2443
2468
2444
2469
2445
2470
2446
2471
2447
2472
2448
2473
2449
2474
2450
2475
2451
2476
2452
2477
2453
2478
2454
2479
2455
2480
2481
2457
2482
2458
2483
2459
2484
2460
2485
2461
2486
2462
2487
2463
2488
2464
2489
2465
2490
2466
2491
2467
2492
2468
2493
2469
2494
2470
2495
2471
2496
2472
2497
2473
2498
2474
2499
2475
2500
2476
2501
2477
2502
2478
2503
2479
2504
2480
2505
2481
2506
2507
2483
2508
2484
2509
2485
2510
2486
2511
2487
2512
2488
2513
2489
2514
2490
2515
2491
2516
2492
2517
2493
2518
2494
2519
2495
2520
2496
2521
2497
2522
2498
2523
2499
2524
2500
2525
2501
2526
2502
2527
2503
2528
2504
2529
2505
2530
2506
2531
2507
2532
2533
2509
2534
2510
2535
2511
2536
2512
2537
2513
2538
2514
2539
2515
2540
2516
2541
2517
2542
2518
2543
2519
2544
2520
2545
2521
2546
2522
2547
2523
2548
2524
2549
2525
2550
2526
2551
2527
2552
2528
2553
2529
2554
2530
2555
2531
2556
2532
2557
2533
2558
2559
2535
2536
2537
2538
2539
2540
2541
2542
2543
2544
2545
2546
2547
2548
2549
2550
2551
2552
2553
2554
2555
2556
2557
2558
2559
2561
2570
2562
2571
2563
2572
2564
2573
2565
2574
2566
2575
2567
2576
2568
2577
2569
2578
2579
3000
2571
2580
2572
2581
2573
2582
2574
2583
2575
2584
2576
2585
2577
2586
2578
2587
2579
2588
2589
3024
2581
2590
2582
2591
2583
2592
2584
2593
2585
2594
2586
2595
2587
2596
2588
2597
2589
2598
2599
3048
2591
2600
2592
2601
2593
2602
2594
2603
2595
2604
2596
2605
2597
2606
2598
2607
2599
2608
2609
3072
2601
2610
2602
2611
2603
2612
2604
2613
2605
2614
2606
2615
2607
2616
2608
2617
2609
2618
2619
3096
2611
2620
2612
2621
2613
2622
2614
2623
2615
2624
2616
2625
2617
2626
2618
2627
2619
2628
2629
3120
2621
2630
2622
2631
2623
2632
2624
2633
2625
2634
2626
2635
2627
2636
2628
2637
2629
2638
2639
3144
2631
2640
2632
2641
2633
2642
2634
2643
2635
2644
2636
2645
2637
2646
2638
2647
2639
2648
2649
3168
2641
2650
2642
2651
2643
2652
2644
2653
2645
2654
2646
2655
2647
2656
2648
2657
2649
2658
2659
3192
2651
2660
2652
2661
2653
2662
2654
2663
2655
2664
2656
2665
2657
2666
2658
2667
2659
2668
2669
3216
2661
2670
2662
2671
2663
2672
2664
2673
2665
2674
2666
2675
2667
2676
2668
2677
2669
2678
2679
3240
2671
2680
2672
2681
2673
2682
2674
2683
2675
2684
2676
2685
2677
2686
2678
2687
2679
2688
2689
3264
2681
2690
2682
2691
2683
2692
2684
2693
2685
2694
2686
2695
2687
2696
2688
2697
2689
2698
2699
3288
2691
2700
2692
2701
2693
2702
2694
2703
2695
2704
2696
2705
2697
2706
2698
2707
2699
2708
2709
3312
2701
2710
2702
2711
2703
2712
2704
2713
2705
2714
2706
2715
2707
2716
2708
2717
2709
2718
2719
3336
2711
2720
2712
2721
2713
2722
2714
2723
2715
2724
2716
2725
2717
2726
2718
2727
2719
2728
2729
3360
2721
2730
2722
2731
2723
2732
2724
2733
2725
2734
2726
2735
2727
2736
2728
2737
2729
2738
2739
3384
2731
2740
2732
2741
2733
2742
2734
2743
2735
2744
2736
2745
2737
2746
2738
2747
2739
2748
2749
3408
2741
2750
2742
2751
2743
2752
2744
2753
2745
2754
2746
2755
2747
2756
2748
2757
2749
2758
2759
3432
2751
2760
2752
2761
2753
2762
2754
2763
2755
2764
2756
2765
2757
2766
2758
2767
2759
2768
2769
3456
2761
2770
2762
2771
2763
2772
2764
2773
2765
2774
2766
2775
2767
2776
2768
2777
2769
2778
2779
3480
2771
2780
2772
2781
2773
2782
2774
2783
2775
2784
2776
2785
2777
2786
2778
2787
2779
2788
2789
3504
2781
2790
2782
2791
2783
2792
2784
2793
2785
2794
2786
2795
2787
2796
2788
2797
2789
2798
2799
3528
2791
2800
2792
2801
2793
2802
2794
2803
2795
2804
2796
2805
2797
2806
2798
2807
2799
2808
2809
3552
2801
2810
2802
2811
2803
2812
2804
2813
2805
2814
2806
2815
2807
2816
2808
2817
2809
2818
2819
3576
2811
2820
2812
2821
2813
2822
2814
2823
2815
2824
2816
2825
2817
2826
2818
2827
2819
2828
2829
3600
2821
2830
2822
2831
2823
2832
2824
2833
2825
2834
2826
2835
2827
2836
2828
2837
2829
2838
2839
3624
2831
2840
2832
2841
2833
2842
2834
2843
2835
2844
2836
2845
2837
2846
2838
2847
2839
2848
2849
3648
2841
2850
2842
2851
2843
2852
2844
2853
2845
2854
2846
2855
2847
2856
2848
2857
2849
2858
2859
3672
2851
2860
2852
2861
2853
2862
2854
2863
2855
2864
2856
2865
2857
2866
2858
2867
2859
2868
2869
3696
2861
2870
2862
2871
2863
2872
2864
2873
2865
2874
2866
2875
2867
2876
2868
2877
2869
2878
2879
3720
2871
2880
2872
2881
2873
2882
2874
2883
2875
2884
2876
2885
2877
2886
2878
2887
2879
2888
2889
3744
2881
2890
2882
2891
2883
2892
2884
2893
2885
2894
2886
2895
2887
2896
2888
2897
2889
2898
2899
3768
2891
2900
2892
2901
2893
2902
2894
2903
2895
2904
2896
2905
2897
2906
2898
2907
2899
2908
2909
3792
2901
2910
2902
2911
2903
2912
2904
2913
2905
2914
2906
2915
2907
2916
2908
2917
2909
2918
2919
3816
2911
2920
2912
2921
2913
2922
2914
2923
2915
2924
2916
2925
2917
2926
2918
2927
2919
2928
2929
3840
2921
2930
2922
2931
2923
2932
2924
2933
2925
2934
2926
2935
2927
2936
2928
2937
2929
2938
2939
3864
2931
2940
2932
2941
2933
2942
2934
2943
2935
2944
2936
2945
2937
2946
2938
2947
2939
2948
2949
3888
2941
2950
2942
2951
2943
2952
2944
2953
2945
2954
2946
2955
2947
2956
2948
2957
2949
2958
2959
3912
2951
2960
2952
2961
2953
2962
2954
2963
2955
2964
2956
2965
2957
2966
2958
2967
2959
2968
2969
3936
2961
2970
2962
2971
2963
2972
2964
2973
2965
2974
2966
2975
2967
2976
2968
2977
2969
2978
2979
3960
2971
2980
2972
2981
2973
2982
2974
2983
2975
2984
2976
2985
2977
2986
2978
2987
2979
2988
2989
3984
2981
2990
2982
2991
2983
2992
2984
2993
2985
2994
2986
2995
2987
2996
2988
2997
2989
2998
2999
4008
2991
2992
2993
2994
2995
2996
2997
2998
2999
4032
3001
3024
6388
3002
3025
6344
3003
3026
6300
3004
3027
6256
3005
3028
6212
3006
3029
6168
3007
3030
6124
3008
3031
6080
3009
3032
6036
3010
3033
5992
3011
3034
5948
3012
3035
5904
3013
3036
5860
3014
3037
5816
3015
3038
5772
3016
3039
5728
3017
3040
5684
3018
3041
5640
3019
3042
5596
3020
3043
5552
3021
3044
5508
3022
3045
5464
3023
3046
5420
3047
4185
5376
3025
3048
3026
3049
3027
3050
3028
3051
3029
3052
3030
3053
3031
3054
3032
3055
3033
3056
3034
3057
3035
3058
3036
3059
3037
3060
3038
3061
3039
3062
3040
3063
3041
3064
3042
3065
3043
3066
3044
3067
3045
3068
3046
3069
3047
3070
3071
4182
3049
3072
3050
3073
3051
3074
3052
3075
3053
3076
3054
3077
3055
3078
3056
3079
3057
3080
3058
3081
3059
3082
3060
3083
3061
3084
3062
3085
3063
3086
3064
3087
3065
3088
3066
3089
3067
3090
3068
3091
3069
3092
3070
3093
3071
3094
3095
4179
3073
3096
3074
3097
3075
3098
3076
3099
3077
3100
3078
3101
3079
3102
3080
3103
3081
3104
3082
3105
3083
3106
3084
3107
3085
3108
3086
3109
3087
3110
3088
3111
3089
3112
3090
3113
3091
3114
3092
3115
3093
3116
3094
3117
3095
3118
3119
4176
3097
3120
3098
3121
3099
3122
3100
3123
3101
3124
3102
3125
3103
3126
3104
3127
3105
3128
3106
3129
3107
3130
3108
3131
3109
3132
3110
3133
3111
3134
3112
3135
3113
3136
3114
3137
3115
3138
3116
3139
3117
3140
3118
3141
3119
3142
3143
4173
3121
3144
3122
3145
3123
3146
3124
3147
3125
3148
3126
3149
3127
3150
3128
3151
3129
3152
3130
3153
3131
3154
3132
3155
3133
3156
3134
3157
3135
3158
3136
3159
3137
3160
3138
3161
3139
3162
3140
3163
3141
3164
3142
3165
3143
3166
3167
4170
3145
3168
3146
3169
3147
3170
3148
3171
3149
3172
3150
3173
3151
3174
3152
3175
3153
3176
3154
3177
3155
3178
3156
3179
3157
3180
3158
3181
3159
3182
3160
3183
3161
3184
3162
3185
3163
3186
3164
3187
3165
3188
3166
3189
3167
3190
3191
4167
3169
3192
3170
3193
3171
3194
3172
3195
3173
3196
3174
3197
3175
3198
3176
3199
3177
3200
3178
3201
3179
3202
3180
3203
3181
3204
3182
3205
3183
3206
3184
3207
3185
3208
3186
3209
3187
3210
3188
3211
3189
3212
3190
3213
3191
3214
3215
4164
3193
3216
3194
3217
3195
3218
3196
3219
3197
3220
3198
3221
3199
3222
3200
3223
3201
3224
3202
3225
3203
3226
3204
3227
3205
3228
3206
3229
3207
3230
3208
3231
3209
3232
3210
3233
3211
3234
3212
3235
3213
3236
3214
3237
3215
3238
3239
4161
3217
3240
3218
3241
3219
3242
3220
3243
3221
3244
3222
3245
3223
3246
3224
3247
3225
3248
3226
3249
3227
3250
3228
3251
3229
3252
3230
3253
3231
3254
3232
3255
3233
3256
3234
3257
3235
3258
3236
3259
3237
3260
3238
3261
3239
3262
3263
4158
3241
3264
3242
3265
3243
3266
3244
3267
3245
3268
3246
3269
3247
3270
3248
3271
3249
3272
3250
3273
3251
3274
3252
3275
3253
3276
3254
3277
3255
3278
3256
3279
3257
3280
3258
3281
3259
3282
3260
3283
3261
3284
3262
3285
3263
3286
3287
4155
3265
3288
3266
3289
3267
3290
3268
3291
3269
3292
3270
3293
3271
3294
3272
3295
3273
3296
3274
3297
3275
3298
3276
3299
3277
3300
3278
3301
3279
3302
3280
3303
3281
3304
3282
3305
3283
3306
3284
3307
3285
3308
3286
3309
3287
3310
3311
4152
3289
3312
3290
3313
3291
3314
3292
3315
3293
3316
3294
3317
3295
3318
3296
3319
3297
3320
3298
3321
3299
3322
3300
3323
3301
3324
3302
3325
3303
3326
3304
3327
3305
3328
3306
3329
3307
3330
3308
3331
3309
3332
3310
3333
3311
3334
3335
4149
3313
3336
3314
3337
3315
3338
3316
3339
3317
3340
3318
3341
3319
3342
3320
3343
3321
3344
3322
3345
3323
3346
3324
3347
3325
3348
3326
3349
3327
3350
3328
3351
3329
3352
3330
3353
3331
3354
3332
3355
3333
3356
3334
3357
3335
3358
3359
4146
3337
3360
3338
3361
3339
3362
3340
3363
3341
3364
3342
3365
3343
3366
3344
3367
3345
3368
3346
3369
3347
3370
3348
3371
3349
3372
3350
3373
3351
3374
3352
3375
3353
3376
3354
3377
3355
3378
3356
3379
3357
3380
3358
3381
3359
3382
3383
4143
3361
3384
3362
3385
3363
3386
3364
3387
3365
3388
3366
3389
3367
3390
3368
3391
3369
3392
3370
3393
3371
3394
3372
3395
3373
3396
3374
3397
3375
3398
3376
3399
3377
3400
3378
3401
3379
3402
3380
3403
3381
3404
3382
3405
3383
3406
3407
4140
3385
3408
3386
3409
3387
3410
3388
3411
3389
3412
3390
3413
3391
3414
3392
3415
3393
3416
3394
3417
3395
3418
3396
3419
3397
3420
3398
3421
3399
3422
3400
3423
3401
3424
3402
3425
3403
3426
3404
3427
3405
3428
3406
3429
3407
3430
3431
4137
3409
3432
3410
3433
3411
3434
3412
3435
3413
3436
3414
3437
3415
3438
3416
3439
3417
3440
3418
3441
3419
3442
3420
3443
3421
3444
3422
3445
3423
3446
3424
3447
3425
3448
3426
3449
3427
3450
3428
3451
3429
3452
3430
3453
3431
3454
3455
4134
3433
3456
3434
3457
3435
3458
3436
3459
3437
3460
3438
3461
3439
3462
3440
3463
3441
3464
3442
3465
3443
3466
3444
3467
3445
3468
3446
3469
3447
3470
3448
3471
3449
3472
3450
3473
3451
3474
3452
3475
3453
3476
3454
3477
3455
3478
3479
4131
3457
3480
3458
3481
3459
3482
3460
3483
3461
3484
3462
3485
3463
3486
3464
3487
3465
3488
3466
3489
3467
3490
3468
3491
3469
3492
3470
3493
3471
3494
3472
3495
3473
3496
3474
3497
3475
3498
3476
3499
3477
3500
3478
3501
3479
3502
3503
4128
3481
3504
3482
3505
3483
3506
3484
3507
3485
3508
3486
3509
3487
3510
3488
3511
3489
3512
3490
3513
3491
3514
3492
3515
3493
3516
3494
3517
3495
3518
3496
3519
3497
3520
3498
3521
3499
3522
3500
3523
3501
3524
3502
3525
3503
3526
3527
4125
3505
3528
3506
3529
3507
3530
3508
3531
3509
3532
3510
3533
3511
3534
3512
3535
3513
3536
3514
3537
3515
3538
3516
3539
3517
3540
3518
3541
3519
3542
3520
3543
3521
3544
3522
3545
3523
3546
3524
3547
3525
3548
3526
3549
3527
3550
3551
4122
3529
3552
3530
3553
3531
3554
3532
3555
3533
3556
3534
3557
3535
3558
3536
3559
3537
3560
3538
3561
3539
3562
3540
3563
3541
3564
3542
3565
3543
3566
3544
3567
3545
3568
3546
3569
3547
3570
3548
3571
3549
3572
3550
3573
3551
3574
3575
4119
3553
3576
3554
3577
3555
3578
3556
3579
3557
3580
3558
3581
3559
3582
3560
3583
3561
3584
3562
3585
3563
3586
3564
3587
3565
3588
3566
3589
3567
3590
3568
3591
3569
3592
3570
3593
3571
3594
3572
3595
3573
3596
3574
3597
3575
3598
3599
4116
3577
3600
3578
3601
3579
3602
3580
3603
3581
3604
3582
3605
3583
3606
3584
3607
3585
3608
3586
3609
3587
3610
3588
3611
3589
3612
3590
3613
3591
3614
3592
3615
3593
3616
3594
3617
3595
3618
3596
3619
3597
3620
3598
3621
3599
3622
3623
4113
3601
3624
3602
3625
3603
3626
3604
3627
3605
3628
3606
3629
3607
3630
3608
3631
3609
3632
3610
3633
3611
3634
3612
3635
3613
3636
3614
3637
3615
3638
3616
3639
3617
3640
3618
3641
3619
3642
3620
3643
3621
3644
3622
3645
3623
3646
3647
4110
3625
3648
3626
3649
3627
3650
3628
3651
3629
3652
3630
3653
3631
3654
3632
3655
3633
3656
3634
3657
3635
3658
3636
3659
3637
3660
3638
3661
3639
3662
3640
3663
3641
3664
3642
3665
3643
3666
3644
3667
3645
3668
3646
3669
3647
3670
3671
4107
3649
3672
3650
3673
3651
3674
3652
3675
3653
3676
3654
3677
3655
3678
3656
3679
3657
3680
3658
3681
3659
3682
3660
3683
3661
3684
3662
3685
3663
3686
3664
3687
3665
3688
3666
3689
3667
3690
3668
3691
3669
3692
3670
3693
3671
3694
3695
4104
3673
3696
3674
3697
3675
3698
3676
3699
3677
3700
3678
3701
3679
3702
3680
3703
3681
3704
3682
3705
3683
3706
3684
3707
3685
3708
3686
3709
3687
3710
3688
3711
3689
3712
3690
3713
3691
3714
3692
3715
3693
3716
3694
3717
3695
3718
3719
4101
3697
3720
3698
3721
3699
3722
3700
3723
3701
3724
3702
3725
3703
3726
3704
3727
3705
3728
3706
3729
3707
3730
3708
3731
3709
3732
3710
3733
3711
3734
3712
3735
3713
3736
3714
3737
3715
3738
3716
3739
3717
3740
3718
3741
3719
3742
3743
4098
3721
3744
3722
3745
3723
3746
3724
3747
3725
3748
3726
3749
3727
3750
3728
3751
3729
3752
3730
3753
3731
3754
3732
3755
3733
3756
3734
3757
3735
3758
3736
3759
3737
3760
3738
3761
3739
3762
3740
3763
3741
3764
3742
3765
3743
3766
3767
4095
3745
3768
3746
3769
3747
3770
3748
3771
3749
3772
3750
3773
3751
3774
3752
3775
3753
3776
3754
3777
3755
3778
3756
3779
3757
3780
3758
3781
3759
3782
3760
3783
3761
3784
3762
3785
3763
3786
3764
3787
3765
3788
3766
3789
3767
3790
3791
4092
3769
3792
3770
3793
3771
3794
3772
3795
3773
3796
3774
3797
3775
3798
3776
3799
3777
3800
3778
3801
3779
3802
3780
3803
3781
3804
3782
3805
3783
3806
3784
3807
3785
3808
3786
3809
3787
3810
3788
3811
3789
3812
3790
3813
3791
3814
3815
4089
3793
3816
3794
3817
3795
3818
3796
3819
3797
3820
3798
3821
3799
3822
3800
3823
3801
3824
3802
3825
3803
3826
3804
3827
3805
3828
3806
3829
3807
3830
3808
3831
3809
3832
3810
3833
3811
3834
3812
3835
3813
3836
3814
3837
3815
3838
3839
4086
3817
3840
3818
3841
3819
3842
3820
3843
3821
3844
3822
3845
3823
3846
3824
3847
3825
3848
3826
3849
3827
3850
3828
3851
3829
3852
3830
3853
3831
3854
3832
3855
3833
3856
3834
3857
3835
3858
3836
3859
3837
3860
3838
3861
3839
3862
3863
4083
3841
3864
3842
3865
3843
3866
3844
3867
3845
3868
3846
3869
3847
3870
3848
3871
3849
3872
3850
3873
3851
3874
3852
3875
3853
3876
3854
3877
3855
3878
3856
3879
3857
3880
3858
3881
3859
3882
3860
3883
3861
3884
3862
3885
3863
3886
3887
4080
3865
3888
3866
3889
3867
3890
3868
3891
3869
3892
3870
3893
3871
3894
3872
3895
3873
3896
3874
3897
3875
3898
3876
3899
3877
3900
3878
3901
3879
3902
3880
3903
3881
3904
3882
3905
3883
3906
3884
3907
3885
3908
3886
3909
3887
3910
3911
4077
3889
3912
3890
3913
3891
3914
3892
3915
3893
3916
3894
3917
3895
3918
3896
3919
3897
3920
3898
3921
3899
3922
3900
3923
3901
3924
3902
3925
3903
3926
3904
3927
3905
3928
3906
3929
3907
3930
3908
3931
3909
3932
3910
3933
3911
3934
3935
4074
3913
3936
3914
3937
3915
3938
3916
3939
3917
3940
3918
3941
3919
3942
3920
3943
3921
3944
3922
3945
3923
3946
3924
3947
3925
3948
3926
3949
3927
3950
3928
3951
3929
3952
3930
3953
3931
3954
3932
3955
3933
3956
3934
3957
3935
3958
3959
4071
3937
3960
3938
3961
3939
3962
3940
3963
3941
3964
3942
3965
3943
3966
3944
3967
3945
3968
3946
3969
3947
3970
3948
3971
3949
3972
3950
3973
3951
3974
3952
3975
3953
3976
3954
3977
3955
3978
3956
3979
3957
3980
3958
3981
3959
3982
3983
4068
3961
3984
3962
3985
3963
3986
3964
3987
3965
3988
3966
3989
3967
3990
3968
3991
3969
3992
3970
3993
3971
3994
3972
3995
3973
3996
3974
3997
3975
3998
3976
3999
3977
4000
3978
4001
3979
4002
3980
4003
3981
4004
3982
4005
3983
4006
4007
4065
3985
4008
3986
4009
3987
4010
3988
4011
3989
4012
3990
4013
3991
4014
3992
4015
3993
4016
3994
4017
3995
4018
3996
4019
3997
4020
3998
4021
3999
4022
4000
4023
4001
4024
4002
4025
4003
4026
4004
4027
4005
4028
4006
4029
4007
4030
4031
4062
4009
4032
4010
4033
4011
4034
4012
4035
4013
4036
4014
4037
4015
4038
4016
4039
4017
4040
4018
4041
4019
4042
4020
4043
4021
4044
4022
4045
4023
4046
4024
4047
4025
4048
4026
4049
4027
4050
4028
4051
4029
4052
4030
4053
4031
4054
4055
4059
4033
7708
4034
7664
4035
7620
4036
7576
4037
7532
4038
7488
4039
7444
4040
7400
4041
7356
4042
7312
4043
7268
4044
7224
4045
7180
4046
7136
4047
7092
4048
7048
4049
7004
4050
6960
4051
6916
4052
6872
4053
6828
4054
6784
4055
6740
4056
6696
4057
4059
6652
4058
4060
6608
4061
6564
4060
4062
4061
4063
4064
4063
4065
4064
4066
4067
4066
4068
4067
4069
4070
4069
4071
4070
4072
4073
4072
4074
4073
4075
4076
4075
4077
4076
4078
4079
4078
4080
4079
4081
4082
4081
4083
4082
4084
4085
4084
4086
4085
4087
4088
4087
4089
4088
4090
4091
4090
4092
4091
4093
4094
4093
4095
4094
4096
4097
4096
4098
4097
4099
4100
4099
4101
4100
4102
4103
4102
4104
4103
4105
4106
4105
4107
4106
4108
4109
4108
4110
4109
4111
4112
4111
4113
4112
4114
4115
4114
4116
4115
4117
4118
4117
4119
4118
4120
4121
4120
4122
4121
4123
4124
4123
4125
4124
4126
4127
4126
4128
4127
4129
4130
4129
4131
4130
4132
4133
4132
4134
4133
4135
4136
4135
4137
4136
4138
4139
4138
4140
4139
4141
4142
4141
4143
4142
4144
4145
4144
4146
4145
4147
4148
4147
4149
4148
4150
4151
4150
4152
4151
4153
4154
4153
4155
4154
4156
4157
4156
4158
4157
4159
4160
4159
4161
4160
4162
4163
4162
4164
4163
4165
4166
4165
4167
4166
4168
4169
4168
4170
4169
4171
4172
4171
4173
4172
4174
4175
4174
4176
4175
4177
4178
4177
4179
4178
4180
4181
4180
4182
4181
4183
4184
4183
4185
4184
4186
4187
4186
6520
4187
6476
6432
4189
4191
6475
4190
4192
6519
4193
4320
6563
4192
4194
4193
4195
4196
4344
4195
4197
4196
4198
4199
4368
4198
4200
4199
4201
4202
4392
4201
4203
4202
4204
4205
4416
4204
4206
4205
4207
4208
4440
4207
4209
4208
4210
4211
4464
4210
4212
4211
4213
4214
4488
4213
4215
4214
4216
4217
4512
4216
4218
4217
4219
4220
4536
4219
4221
4220
4222
4223
4560
4222
4224
4223
4225
4226
4584
4225
4227
4226
4228
4229
4608
4228
4230
4229
4231
4232
4632
4231
4233
4232
4234
4235
4656
4234
4236
4235
4237
4238
4680
4237
4239
4238
4240
4241
4704
4240
4242
4241
4243
4244
4728
4243
4245
4244
4246
4247
4752
4246
4248
4247
4249
4250
4776
4249
4251
4250
4252
4253
4800
4252
4254
4253
4255
4256
4824
4255
4257
4256
4258
4259
4848
4258
4260
4259
4261
4262
4872
4261
4263
4262
4264
4265
4896
4264
4266
4265
4267
4268
4920
4267
4269
4268
4270
4271
4944
4270
4272
4271
4273
4274
4968
4273
4275
4274
4276
4277
4992
4276
4278
4277
4279
4280
5016
4279
4281
4280
4282
4283
5040
4282
4284
4283
4285
4286
5064
4285
4287
4286
4288
4289
5088
4288
4290
4289
4291
4292
5112
4291
4293
4292
4294
4295
5136
4294
4296
4295
4297
4298
5160
4297
4299
4298
4300
4301
5184
4300
4302
4301
4303
4304
5208
4303
4305
4304
4306
4307
5232
4306
4308
4307
4309
4310
5256
4309
4311
4310
4312
4313
5280
4312
4314
4313
4315
4316
5304
4315
4317
4316
4318
4319
5328
4318
6607
4319
6651
5352
6695
4321
4344
5419
4322
4345
5463
4323
4346
5507
4324
4347
5551
4325
4348
5595
4326
4349
5639
4327
4350
5683
4328
4351
5727
4329
4352
5771
4330
4353
5815
4331
4354
5859
4332
4355
5903
4333
4356
5947
4334
4357
5991
4335
4358
6035
4336
4359
6079
4337
4360
6123
4338
4361
6167
4339
4362
6211
4340
4363
6255
4341
4364
6299
4342
4365
6343
4343
4366
6387
4367
6431
7752
4345
4368
4346
4369
4347
4370
4348
4371
4349
4372
4350
4373
4351
4374
4352
4375
4353
4376
4354
4377
4355
4378
4356
4379
4357
4380
4358
4381
4359
4382
4360
4383
4361
4384
4362
4385
4363
4386
4364
4387
4365
4388
4366
4389
4367
4390
4391
7778
4369
4392
4370
4393
4371
4394
4372
4395
4373
4396
4374
4397
4375
4398
4376
4399
4377
4400
4378
4401
4379
4402
4380
4403
4381
4404
4382
4405
4383
4406
4384
4407
4385
4408
4386
4409
4387
4410
4388
4411
4389
4412
4390
4413
4391
4414
4415
7804
4393
4416
4394
4417
4395
4418
4396
4419
4397
4420
4398
4421
4399
4422
4400
4423
4401
4424
4402
4425
4403
4426
4404
4427
4405
4428
4406
4429
4407
4430
4408
4431
4409
4432
4410
4433
4411
4434
4412
4435
4413
4436
4414
4437
4415
4438
4439
7830
4417
4440
4418
4441
4419
4442
4420
4443
4421
4444
4422
4445
4423
4446
4424
4447
4425
4448
4426
4449
4427
4450
4428
4451
4429
4452
4430
4453
4431
4454
4432
4455
4433
4456
4434
4457
4435
4458
4436
4459
4437
4460
4438
4461
4439
4462
4463
7856
4441
4464
4442
4465
4443
4466
4444
4467
4445
4468
4446
4469
4447
4470
4448
4471
4449
4472
4450
4473
4451
4474
4452
4475
4453
4476
4454
4477
4455
4478
4456
4479
4457
4480
4458
4481
4459
4482
4460
4483
4461
4484
4462
4485
4463
4486
4487
7882
4465
4488
4466
4489
4467
4490
4468
4491
4469
4492
4470
4493
4471
4494
4472
4495
4473
4496
4474
4497
4475
4498
4476
4499
4477
4500
4478
4501
4479
4502
4480
4503
4481
4504
4482
4505
4483
4506
4484
4507
4485
4508
4486
4509
4487
4510
4511
7908
4489
4512
4490
4513
4491
4514
4492
4515
4493
4516
4494
4517
4495
4518
4496
4519
4497
4520
4498
4521
4499
4522
4500
4523
4501
4524
4502
4525
4503
4526
4504
4527
4505
4528
4506
4529
4507
4530
4508
4531
4509
4532
4510
4533
4511
4534
4535
7934
4513
4536
4514
4537
4515
4538
4516
4539
4517
4540
4518
4541
4519
4542
4520
4543
4521
4544
4522
4545
4523
4546
4524
4547
4525
4548
4526
4549
4527
4550
4528
4551
4529
4552
4530
4553
4531
4554
4532
4555
4533
4556
4534
4557
4535
4558
4559
7960
4537
4560
4538
4561
4539
4562
4540
4563
4541
4564
4542
4565
4543
4566
4544
4567
4545
4568
4546
4569
4547
4570
4548
4571
4549
4572
4550
4573
4551
4574
4552
4575
4553
4576
4554
4577
4555
4578
4556
4579
4557
4580
4558
4581
4559
4582
4583
7986
4561
4584
4562
4585
4563
4586
4564
4587
4565
4588
4566
4589
4567
4590
4568
4591
4569
4592
4570
4593
4571
4594
4572
4595
4573
4596
4574
4597
4575
4598
4576
4599
4577
4600
4578
4601
4579
4602
4580
4603
4581
4604
4582
4605
4583
4606
4607
8012
4585
4608
4586
4609
4587
4610
4588
4611
4589
4612
4590
4613
4591
4614
4592
4615
4593
4616
4594
4617
4595
4618
4596
4619
4597
4620
4598
4621
4599
4622
4600
4623
4601
4624
4602
4625
4603
4626
4604
4627
4605
4628
4606
4629
4607
4630
4631
8038
4609
4632
4610
4633
4611
4634
4612
4635
4613
4636
4614
4637
4615
4638
4616
4639
4617
4640
4618
4641
4619
4642
4620
4643
4621
4644
4622
4645
4623
4646
4624
4647
4625
4648
4626
4649
4627
4650
4628
4651
4629
4652
4630
4653
4631
4654
4655
8064
4633
4656
4634
4657
4635
4658
4636
4659
4637
4660
4638
4661
4639
4662
4640
4663
4641
4664
4642
4665
4643
4666
4644
4667
4645
4668
4646
4669
4647
4670
4648
4671
4649
4672
4650
4673
4651
4674
4652
4675
4653
4676
4654
4677
4655
4678
4679
8090
4657
4680
4658
4681
4659
4682
4660
4683
4661
4684
4662
4685
4663
4686
4664
4687
4665
4688
4666
4689
4667
4690
4668
4691
4669
4692
4670
4693
4671
4694
4672
4695
4673
4696
4674
4697
4675
4698
4676
4699
4677
4700
4678
4701
4679
4702
4703
8116
4681
4704
4682
4705
4683
4706
4684
4707
4685
4708
4686
4709
4687
4710
4688
4711
4689
4712
4690
4713
4691
4714
4692
4715
4693
4716
4694
4717
4695
4718
4696
4719
4697
4720
4698
4721
4699
4722
4700
4723
4701
4724
4702
4725
4703
4726
4727
8142
4705
4728
4706
4729
4707
4730
4708
4731
4709
4732
4710
4733
4711
4734
4712
4735
4713
4736
4714
4737
4715
4738
4716
4739
4717
4740
4718
4741
4719
4742
4720
4743
4721
4744
4722
4745
4723
4746
4724
4747
4725
4748
4726
4749
4727
4750
4751
8168
4729
4752
4730
4753
4731
4754
4732
4755
4733
4756
4734
4757
4735
4758
4736
4759
4737
4760
4738
4761
4739
4762
4740
4763
4741
4764
4742
4765
4743
4766
4744
4767
4745
4768
4746
4769
4747
4770
4748
4771
4749
4772
4750
4773
4751
4774
4775
8194
4753
4776
4754
4777
4755
4778
4756
4779
4757
4780
4758
4781
4759
4782
4760
4783
4761
4784
4762
4785
4763
4786
4764
4787
4765
4788
4766
4789
4767
4790
4768
4791
4769
4792
4770
4793
4771
4794
4772
4795
4773
4796
4774
4797
4775
4798
4799
8220
4777
4800
4778
4801
4779
4802
4780
4803
4781
4804
4782
4805
4783
4806
4784
4807
4785
4808
4786
4809
4787
4810
4788
4811
4789
4812
4790
4813
4791
4814
4792
4815
4793
4816
4794
4817
4795
4818
4796
4819
4797
4820
4798
4821
4799
4822
4823
8246
4801
4824
4802
4825
4803
4826
4804
4827
4805
4828
4806
4829
4807
4830
4808
4831
4809
4832
4810
4833
4811
4834
4812
4835
4813
4836
4814
4837
4815
4838
4816
4839
4817
4840
4818
4841
4819
4842
4820
4843
4821
4844
4822
4845
4823
4846
4847
8272
4825
4848
4826
4849
4827
4850
4828
4851
4829
4852
4830
4853
4831
4854
4832
4855
4833
4856
4834
4857
4835
4858
4836
4859
4837
4860
4838
4861
4839
4862
4840
4863
4841
4864
4842
4865
4843
4866
4844
4867
4845
4868
4846
4869
4847
4870
4871
8298
4849
4872
4850
4873
4851
4874
4852
4875
4853
4876
4854
4877
4855
4878
4856
4879
4857
4880
4858
4881
4859
4882
4860
4883
4861
4884
4862
4885
4863
4886
4864
4887
4865
4888
4866
4889
4867
4890
4868
4891
4869
4892
4870
4893
4871
4894
4895
8324
4873
4896
4874
4897
4875
4898
4876
4899
4877
4900
4878
4901
4879
4902
4880
4903
4881
4904
4882
4905
4883
4906
4884
4907
4885
4908
4886
4909
4887
4910
4888
4911
4889
4912
4890
4913
4891
4914
4892
4915
4893
4916
4894
4917
4895
4918
4919
8350
4897
4920
4898
4921
4899
4922
4900
4923
4901
4924
4902
4925
4903
4926
4904
4927
4905
4928
4906
4929
4907
4930
4908
4931
4909
4932
4910
4933
4911
4934
4912
4935
4913
4936
4914
4937
4915
4938
4916
4939
4917
4940
4918
4941
4919
4942
4943
8376
4921
4944
4922
4945
4923
4946
4924
4947
4925
4948
4926
4949
4927
4950
4928
4951
4929
4952
4930
4953
4931
4954
4932
4955
4933
4956
4934
4957
4935
4958
4936
4959
4937
4960
4938
4961
4939
4962
4940
4963
4941
4964
4942
4965
4943
4966
4967
8402
4945
4968
4946
4969
4947
4970
4948
4971
4949
4972
4950
4973
4951
4974
4952
4975
4953
4976
4954
4977
4955
4978
4956
4979
4957
4980
4958
4981
4959
4982
4960
4983
4961
4984
4962
4985
4963
4986
4964
4987
4965
4988
4966
4989
4967
4990
4991
8428
4969
4992
4970
4993
4971
4994
4972
4995
4973
4996
4974
4997
4975
4998
4976
4999
4977
5000
4978
5001
4979
5002
4980
5003
4981
5004
4982
5005
4983
5006
4984
5007
4985
5008
4986
5009
4987
5010
4988
5011
4989
5012
4990
5013
4991
5014
5015
8454
4993
5016
4994
5017
4995
5018
4996
5019
4997
5020
4998
5021
4999
5022
5000
5023
5001
5024
5002
5025
5003
5026
5004
5027
5005
5028
5006
5029
5007
5030
5008
5031
5009
5032
5010
5033
5011
5034
5012
5035
5013
5036
5014
5037
5015
5038
5039
8480
5017
5040
5018
5041
5019
5042
5020
5043
5021
5044
5022
5045
5023
5046
5024
5047
5025
5048
5026
5049
5027
5050
5028
5051
5029
5052
5030
5053
5031
5054
5032
5055
5033
5056
5034
5057
5035
5058
5036
5059
5037
5060
5038
5061
5039
5062
5063
8506
5041
5064
5042
5065
5043
5066
5044
5067
5045
5068
5046
5069
5047
5070
5048
5071
5049
5072
5050
5073
5051
5074
5052
5075
5053
5076
5054
5077
5055
5078
5056
5079
5057
5080
5058
5081
5059
5082
5060
5083
5061
5084
5062
5085
5063
5086
5087
8532
5065
5088
5066
5089
5067
5090
5068
5091
5069
5092
5070
5093
5071
5094
5072
5095
5073
5096
5074
5097
5075
5098
5076
5099
5077
5100
5078
5101
5079
5102
5080
5103
5081
5104
5082
5105
5083
5106
5084
5107
5085
5108
5086
5109
5087
5110
5111
8558
5089
5112
5090
5113
5091
5114
5092
5115
5093
5116
5094
5117
5095
5118
5096
5119
5097
5120
5098
5121
5099
5122
5100
5123
5101
5124
5102
5125
5103
5126
5104
5127
5105
5128
5106
5129
5107
5130
5108
5131
5109
5132
5110
5133
5111
5134
5135
8584
5113
5136
5114
5137
5115
5138
5116
5139
5117
5140
5118
5141
5119
5142
5120
5143
5121
5144
5122
5145
5123
5146
5124
5147
5125
5148
5126
5149
5127
5150
5128
5151
5129
5152
5130
5153
5131
5154
5132
5155
5133
5156
5134
5157
5135
5158
5159
8610
5137
5160
5138
5161
5139
5162
5140
5163
5141
5164
5142
5165
5143
5166
5144
5167
5145
5168
5146
5169
5147
5170
5148
5171
5149
5172
5150
5173
5151
5174
5152
5175
5153
5176
5154
5177
5155
5178
5156
5179
5157
5180
5158
5181
5159
5182
5183
8636
5161
5184
5162
5185
5163
5186
5164
5187
5165
5188
5166
5189
5167
5190
5168
5191
5169
5192
5170
5193
5171
5194
5172
5195
5173
5196
5174
5197
5175
5198
5176
5199
5177
5200
5178
5201
5179
5202
5180
5203
5181
5204
5182
5205
5183
5206
5207
8662
5185
5208
5186
5209
5187
5210
5188
5211
5189
5212
5190
5213
5191
5214
5192
5215
5193
5216
5194
5217
5195
5218
5196
5219
5197
5220
5198
5221
5199
5222
5200
5223
5201
5224
5202
5225
5203
5226
5204
5227
5205
5228
5206
5229
5207
5230
5231
8688
5209
5232
5210
5233
5211
5234
5212
5235
5213
5236
5214
5237
5215
5238
5216
5239
5217
5240
5218
5241
5219
5242
5220
5243
5221
5244
5222
5245
5223
5246
5224
5247
5225
5248
5226
5249
5227
5250
5228
5251
5229
5252
5230
5253
5231
5254
5255
8714
5233
5256
5234
5257
5235
5258
5236
5259
5237
5260
5238
5261
5239
5262
5240
5263
5241
5264
5242
5265
5243
5266
5244
5267
5245
5268
5246
5269
5247
5270
5248
5271
5249
5272
5250
5273
5251
5274
5252
5275
5253
5276
5254
5277
5255
5278
5279
8740
5257
5280
5258
5281
5259
5282
5260
5283
5261
5284
5262
5285
5263
5286
5264
5287
5265
5288
5266
5289
5267
5290
5268
5291
5269
5292
5270
5293
5271
5294
5272
5295
5273
5296
5274
5297
5275
5298
5276
5299
5277
5300
5278
5301
5279
5302
5303
8766
5281
5304
5282
5305
5283
5306
5284
5307
5285
5308
5286
5309
5287
5310
5288
5311
5289
5312
5290
5313
5291
5314
5292
5315
5293
5316
5294
5317
5295
5318
5296
5319
5297
5320
5298
5321
5299
5322
5300
5323
5301
5324
5302
5325
5303
5326
5327
8792
5305
5328
5306
5329
5307
5330
5308
5331
5309
5332
5310
5333
5311
5334
5312
5335
5313
5336
5314
5337
5315
5338
5316
5339
5317
5340
5318
5341
5319
5342
5320
5343
5321
5344
5322
5345
5323
5346
5324
5347
5325
5348
5326
5349
5327
5350
5351
8818
5329
5352
5330
5353
5331
5354
5332
5355
5333
5356
5334
5357
5335
5358
5336
5359
5337
5360
5338
5361
5339
5362
5340
5363
5341
5364
5342
5365
5343
5366
5344
5367
5345
5368
5346
5369
5347
5370
5348
5371
5349
5372
5350
5373
5351
5374
5375
8844
5353
6739
5354
6783
5355
6827
5356
6871
5357
6915
5358
6959
5359
7003
5360
7047
5361
7091
5362
7135
5363
7179
5364
7223
5365
7267
5366
7311
5367
7355
5368
7399
5369
7443
5370
7487
5371
7531
5372
7575
5373
7619
5374
7663
5375
7707
7751
8870
5377
5420
6520
5378
5421
6521
5379
5422
6522
5380
5423
6523
5381
5424
6524
5382
5425
6525
5383
5426
6526
5384
5427
6527
5385
5428
6528
5386
5429
6529
5387
5430
6530
5388
5431
6531
5389
5432
6532
5390
5433
6533
5391
5434
6534
5392
5435
6535
5393
5436
6536
5394
5437
6537
5395
5438
6538
5396
5439
6539
5397
5440
6540
5398
5441
6541
5399
5442
6542
5400
5443
6543
5401
5444
6544
5402
5445
6545
5403
5446
6546
5404
5447
6547
5405
5448
6548
5406
5449
6549
5407
5450
6550
5408
5451
6551
5409
5452
6552
5410
5453
6553
5411
5454
6554
5412
5455
6555
5413
5456
6556
5414
5457
6557
5415
5458
6558
5416
5459
6559
5417
5460
6560
5418
5461
6561
5419
5462
6562
5463
6563
5421
5464
5422
5465
5423
5466
5424
5467
5425
5468
5426
5469
5427
5470
5428
5471
5429
5472
5430
5473
5431
5474
5432
5475
5433
5476
5434
5477
5435
5478
5436
5479
5437
5480
5438
5481
5439
5482
5440
5483
5441
5484
5442
5485
5443
5486
5444
5487
5445
5488
5446
5489
5447
5490
5448
5491
5449
5492
5450
5493
5451
5494
5452
5495
5453
5496
5454
5497
5455
5498
5456
5499
5457
5500
5458
5501
5459
5502
5460
5503
5461
5504
5462
5505
5463
5506
5507
5465
5508
5466
5509
5467
5510
5468
5511
5469
5512
5470
5513
5471
5514
5472
5515
5473
5516
5474
5517
5475
5518
5476
5519
5477
5520
5478
5521
5479
5522
5480
5523
5481
5524
5482
5525
5483
5526
5484
5527
5485
5528
5486
5529
5487
5530
5488
5531
5489
5532
5490
5533
5491
5534
5492
5535
5493
5536
5494
5537
5495
5538
5496
5539
5497
5540
5498
5541
5499
5542
5500
5543
5501
5544
5502
5545
5503
5546
5504
5547
5505
5548
5506
5549
5507
5550
5551
5509
5552
5510
5553
5511
5554
5512
5555
5513
5556
5514
5557
5515
5558
5516
5559
5517
5560
5518
5561
5519
5562
5520
5563
5521
5564
5522
5565
5523
5566
5524
5567
5525
5568
5526
5569
5527
5570
5528
5571
5529
5572
5530
5573
5531
5574
5532
5575
5533
5576
5534
5577
5535
5578
5536
5579
5537
5580
5538
5581
5539
5582
5540
5583
5541
5584
5542
5585
5543
5586
5544
5587
5545
5588
5546
5589
5547
5590
5548
5591
5549
5592
5550
5593
5551
5594
5595
5553
5596
5554
5597
5555
5598
5556
5599
5557
5600
5558
5601
5559
5602
5560
5603
5561
5604
5562
5605
5563
5606
5564
5607
5565
5608
5566
5609
5567
5610
5568
5611
5569
5612
5570
5613
5571
5614
5572
5615
5573
5616
5574
5617
5575
5618
5576
5619
5577
5620
5578
5621
5579
5622
5580
5623
5581
5624
5582
5625
5583
5626
5584
5627
5585
5628
5586
5629
5587
5630
5588
5631
5589
5632
5590
5633
5591
5634
5592
5635
5593
5636
5594
5637
5595
5638
5639
5597
5640
5598
5641
5599
5642
5600
5643
5601
5644
5602
5645
5603
5646
5604
5647
5605
5648
5606
5649
5607
5650
5608
5651
5609
5652
5610
5653
5611
5654
5612
5655
5613
5656
5614
5657
5615
5658
5616
5659
5617
5660
5618
5661
5619
5662
5620
5663
5621
5664
5622
5665
5623
5666
5624
5667
5625
5668
5626
5669
5627
5670
5628
5671
5629
5672
5630
5673
5631
5674
5632
5675
5633
5676
5634
5677
5635
5678
5636
5679
5637
5680
5638
5681
5639
5682
5683
5641
5684
5642
5685
5643
5686
5644
5687
5645
5688
5646
5689
5647
5690
5648
5691
5649
5692
5650
5693
5651
5694
5652
5695
5653
5696
5654
5697
5655
5698
5656
5699
5657
5700
5658
5701
5659
5702
5660
5703
5661
5704
5662
5705
5663
5706
5664
5707
5665
5708
5666
5709
5667
5710
5668
5711
5669
5712
5670
5713
5671
5714
5672
5715
5673
5716
5674
5717
5675
5718
5676
5719
5677
5720
5678
5721
5679
5722
5680
5723
5681
5724
5682
5725
5683
5726
5727
5685
5728
5686
5729
5687
5730
5688
5731
5689
5732
5690
5733
5691
5734
5692
5735
5693
5736
5694
5737
5695
5738
5696
5739
5697
5740
5698
5741
5699
5742
5700
5743
5701
5744
5702
5745
5703
5746
5704
5747
5705
5748
5706
5749
5707
5750
5708
5751
5709
5752
5710
5753
5711
5754
5712
5755
5713
5756
5714
5757
5715
5758
5716
5759
5717
5760
5718
5761
5719
5762
5720
5763
5721
5764
5722
5765
5723
5766
5724
5767
5725
5768
5726
5769
5727
5770
5771
5729
5772
5730
5773
5731
5774
5732
5775
5733
5776
5734
5777
5735
5778
5736
5779
5737
5780
5738
5781
5739
5782
5740
5783
5741
5784
5742
5785
5743
5786
5744
5787
5745
5788
5746
5789
5747
5790
5748
5791
5749
5792
5750
5793
5751
5794
5752
5795
5753
5796
5754
5797
5755
5798
5756
5799
5757
5800
5758
5801
5759
5802
5760
5803
5761
5804
5762
5805
5763
5806
5764
5807
5765
5808
5766
5809
5767
5810
5768
5811
5769
5812
5770
5813
5771
5814
5815
5773
5816
5774
5817
5775
5818
5776
5819
5777
5820
5778
5821
5779
5822
5780
5823
5781
5824
5782
5825
5783
5826
5784
5827
5785
5828
5786
5829
5787
5830
5788
5831
5789
5832
5790
5833
5791
5834
5792
5835
5793
5836
5794
5837
5795
5838
5796
5839
5797
5840
5798
5841
5799
5842
5800
5843
5801
5844
5802
5845
5803
5846
5804
5847
5805
5848
5806
5849
5807
5850
5808
5851
5809
5852
5810
5853
5811
5854
5812
5855
5813
5856
5814
5857
5815
5858
5859
5817
5860
5818
5861
5819
5862
5820
5863
5821
5864
5822
5865
5823
5866
5824
5867
5825
5868
5826
5869
5827
5870
5828
5871
5829
5872
5830
5873
5831
5874
5832
5875
5833
5876
5834
5877
5835
5878
5836
5879
5837
5880
5838
5881
5839
5882
5840
5883
5841
5884
5842
5885
5843
5886
5844
5887
5845
5888
5846
5889
5847
5890
5848
5891
5849
5892
5850
5893
5851
5894
5852
5895
5853
5896
5854
5897
5855
5898
5856
5899
5857
5900
5858
5901
5859
5902
5903
5861
5904
5862
5905
5863
5906
5864
5907
5865
5908
5866
5909
5867
5910
5868
5911
5869
5912
5870
5913
5871
5914
5872
5915
5873
5916
5874
5917
5875
5918
5876
5919
5877
5920
5878
5921
5879
5922
5880
5923
5881
5924
5882
5925
5883
5926
5884
5927
5885
5928
5886
5929
5887
5930
5888
5931
5889
5932
5890
5933
5891
5934
5892
5935
5893
5936
5894
5937
5895
5938
5896
5939
5897
5940
5898
5941
5899
5942
5900
5943
5901
5944
5902
5945
5903
5946
5947
5905
5948
5906
5949
5907
5950
5908
5951
5909
5952
5910
5953
5911
5954
5912
5955
5913
5956
5914
5957
5915
5958
5916
5959
5917
5960
5918
5961
5919
5962
5920
5963
5921
5964
5922
5965
5923
5966
5924
5967
5925
5968
5926
5969
5927
5970
5928
5971
5929
5972
5930
5973
5931
5974
5932
5975
5933
5976
5934
5977
5935
5978
5936
5979
5937
5980
5938
5981
5939
5982
5940
5983
5941
5984
5942
5985
5943
5986
5944
5987
5945
5988
5946
5989
5947
5990
5991
5949
5992
5950
5993
5951
5994
5952
5995
5953
5996
5954
5997
5955
5998
5956
5999
5957
6000
5958
6001
5959
6002
5960
6003
5961
6004
5962
6005
5963
6006
5964
6007
5965
6008
5966
6009
5967
6010
5968
6011
5969
6012
5970
6013
5971
6014
5972
6015
5973
6016
5974
6017
5975
6018
5976
6019
5977
6020
5978
6021
5979
6022
5980
6023
5981
6024
5982
6025
5983
6026
5984
6027
5985
6028
5986
6029
5987
6030
5988
6031
5989
6032
5990
6033
5991
6034
6035
5993
6036
5994
6037
5995
6038
5996
6039
5997
6040
5998
6041
5999
6042
6000
6043
6001
6044
6002
6045
6003
6046
6004
6047
6005
6048
6006
6049
6007
6050
6008
6051
6009
6052
6010
6053
6011
6054
6012
6055
6013
6056
6014
6057
6015
6058
6016
6059
6017
6060
6018
6061
6019
6062
6020
6063
6021
6064
6022
6065
6023
6066
6024
6067
6025
6068
6026
6069
6027
6070
6028
6071
6029
6072
6030
6073
6031
6074
6032
6075
6033
6076
6034
6077
6035
6078
6079
6037
6080
6038
6081
6039
6082
6040
6083
6041
6084
6042
6085
6043
6086
6044
6087
6045
6088
6046
6089
6047
6090
6048
6091
6049
6092
6050
6093
6051
6094
6052
6095
6053
6096
6054
6097
6055
6098
6056
6099
6057
6100
6058
6101
6059
6102
6060
6103
6061
6104
6062
6105
6063
6106
6064
6107
6065
6108
6066
6109
6067
6110
6068
6111
6069
6112
6070
6113
6071
6114
6072
6115
6073
6116
6074
6117
6075
6118
6076
6119
6077
6120
6078
6121
6079
6122
6123
6081
6124
6082
6125
6083
6126
6084
6127
6085
6128
6086
6129
6087
6130
6088
6131
6089
6132
6090
6133
6091
6134
6092
6135
6093
6136
6094
6137
6095
6138
6096
6139
6097
6140
6098
6141
6099
6142
6100
6143
6101
6144
6102
6145
6103
6146
6104
6147
6105
6148
6106
6149
6107
6150
6108
6151
6109
6152
6110
6153
6111
6154
6112
6155
6113
6156
6114
6157
6115
6158
6116
6159
6117
6160
6118
6161
6119
6162
6120
6163
6121
6164
6122
6165
6123
6166
6167
6125
6168
6126
6169
6127
6170
6128
6171
6129
6172
6130
6173
6131
6174
6132
6175
6133
6176
6134
6177
6135
6178
6136
6179
6137
6180
6138
6181
6139
6182
6140
6183
6141
6184
6142
6185
6143
6186
6144
6187
6145
6188
6146
6189
6147
6190
6148
6191
6149
6192
6150
6193
6151
6194
6152
6195
6153
6196
6154
6197
6155
6198
6156
6199
6157
6200
6158
6201
6159
6202
6160
6203
6161
6204
6162
6205
6163
6206
6164
6207
6165
6208
6166
6209
6167
6210
6211
6169
6212
6170
6213
6171
6214
6172
6215
6173
6216
6174
6217
6175
6218
6176
6219
6177
6220
6178
6221
6179
6222
6180
6223
6181
6224
6182
6225
6183
6226
6184
6227
6185
6228
6186
6229
6187
6230
6188
6231
6189
6232
6190
6233
6191
6234
6192
6235
6193
6236
6194
6237
6195
6238
6196
6239
6197
6240
6198
6241
6199
6242
6200
6243
6201
6244
6202
6245
6203
6246
6204
6247
6205
6248
6206
6249
6207
6250
6208
6251
6209
6252
6210
6253
6211
6254
6255
6213
6256
6214
6257
6215
6258
6216
6259
6217
6260
6218
6261
6219
6262
6220
6263
6221
6264
6222
6265
6223
6266
6224
6267
6225
6268
6226
6269
6227
6270
6228
6271
6229
6272
6230
6273
6231
6274
6232
6275
6233
6276
6234
6277
6235
6278
6236
6279
6237
6280
6238
6281
6239
6282
6240
6283
6241
6284
6242
6285
6243
6286
6244
6287
6245
6288
6246
6289
6247
6290
6248
6291
6249
6292
6250
6293
6251
6294
6252
6295
6253
6296
6254
6297
6255
6298
6299
6257
6300
6258
6301
6259
6302
6260
6303
6261
6304
6262
6305
6263
6306
6264
6307
6265
6308
6266
6309
6267
6310
6268
6311
6269
6312
6270
6313
6271
6314
6272
6315
6273
6316
6274
6317
6275
6318
6276
6319
6277
6320
6278
6321
6279
6322
6280
6323
6281
6324
6282
6325
6283
6326
6284
6327
6285
6328
6286
6329
6287
6330
6288
6331
6289
6332
6290
6333
6291
6334
6292
6335
6293
6336
6294
6337
6295
6338
6296
6339
6297
6340
6298
6341
6299
6342
6343
6301
6344
6302
6345
6303
6346
6304
6347
6305
6348
6306
6349
6307
6350
6308
6351
6309
6352
6310
6353
6311
6354
6312
6355
6313
6356
6314
6357
6315
6358
6316
6359
6317
6360
6318
6361
6319
6362
6320
6363
6321
6364
6322
6365
6323
6366
6324
6367
6325
6368
6326
6369
6327
6370
6328
6371
6329
6372
6330
6373
6331
6374
6332
6375
6333
6376
6334
6377
6335
6378
6336
6379
6337
6380
6338
6381
6339
6382
6340
6383
6341
6384
6342
6385
6343
6386
6387
6345
6388
6346
6389
6347
6390
6348
6391
6349
6392
6350
6393
6351
6394
6352
6395
6353
6396
6354
6397
6355
6398
6356
6399
6357
6400
6358
6401
6359
6402
6360
6403
6361
6404
6362
6405
6363
6406
6364
6407
6365
6408
6366
6409
6367
6410
6368
6411
6369
6412
6370
6413
6371
6414
6372
6415
6373
6416
6374
6417
6375
6418
6376
6419
6377
6420
6378
6421
6379
6422
6380
6423
6381
6424
6382
6425
6383
6426
6384
6427
6385
6428
6386
6429
6387
6430
6431
6389
6390
6391
6392
6393
6394
6395
6396
6397
6398
6399
6400
6401
6402
6403
6404
6405
6406
6407
6408
6409
6410
6411
6412
6413
6414
6415
6416
6417
6418
6419
6420
6421
6422
6423
6424
6425
6426
6427
6428
6429
6430
6431
6433
6476
6434
6477
6435
6478
6436
6479
6437
6480
6438
6481
6439
6482
6440
6483
6441
6484
6442
6485
6443
6486
6444
6487
6445
6488
6446
6489
6447
6490
6448
6491
6449
6492
6450
6493
6451
6494
6452
6495
6453
6496
6454
6497
6455
6498
6456
6499
6457
6500
6458
6501
6459
6502
6460
6503
6461
6504
6462
6505
6463
6506
6464
6507
6465
6508
6466
6509
6467
6510
6468
6511
6469
6512
6470
6513
6471
6514
6472
6515
6473
6516
6474
6517
6475
6518
6519
6477
6520
6478
6521
6479
6522
6480
6523
6481
6524
6482
6525
6483
6526
6484
6527
6485
6528
6486
6529
6487
6530
6488
6531
6489
6532
6490
6533
6491
6534
6492
6535
6493
6536
6494
6537
6495
6538
6496
6539
6497
6540
6498
6541
6499
6542
6500
6543
6501
6544
6502
6545
6503
6546
6504
6547
6505
6548
6506
6549
6507
6550
6508
6551
6509
6552
6510
6553
6511
6554
6512
6555
6513
6556
6514
6557
6515
6558
6516
6559
6517
6560
6518
6561
6519
6562
6563
6521
6522
6523
6524
6525
6526
6527
6528
6529
6530
6531
6532
6533
6534
6535
6536
6537
6538
6539
6540
6541
6542
6543
6544
6545
6546
6547
6548
6549
6550
6551
6552
6553
6554
6555
6556
6557
6558
6559
6560
6561
6562
6563
6565
6608
6566
6609
6567
6610
6568
6611
6569
6612
6570
6613
6571
6614
6572
6615
6573
6616
6574
6617
6575
6618
6576
6619
6577
6620
6578
6621
6579
6622
6580
6623
6581
6624
6582
6625
6583
6626
6584
6627
6585
6628
6586
6629
6587
6630
6588
6631
6589
6632
6590
6633
6591
6634
6592
6635
6593
6636
6594
6637
6595
6638
6596
6639
6597
6640
6598
6641
6599
6642
6600
6643
6601
6644
6602
6645
6603
6646
6604
6647
6605
6648
6606
6649
6607
6650
6651
6609
6652
6610
6653
6611
6654
6612
6655
6613
6656
6614
6657
6615
6658
6616
6659
6617
6660
6618
6661
6619
6662
6620
6663
6621
6664
6622
6665
6623
6666
6624
6667
6625
6668
6626
6669
6627
6670
6628
6671
6629
6672
6630
6673
6631
6674
6632
6675
6633
6676
6634
6677
6635
6678
6636
6679
6637
6680
6638
6681
6639
6682
6640
6683
6641
6684
6642
6685
6643
6686
6644
6687
6645
6688
6646
6689
6647
6690
6648
6691
6649
6692
6650
6693
6651
6694
6695
6653
6696
6654
6697
6655
6698
6656
6699
6657
6700
6658
6701
6659
6702
6660
6703
6661
6704
6662
6705
6663
6706
6664
6707
6665
6708
6666
6709
6667
6710
6668
6711
6669
6712
6670
6713
6671
6714
6672
6715
6673
6716
6674
6717
6675
6718
6676
6719
6677
6720
6678
6721
6679
6722
6680
6723
6681
6724
6682
6725
6683
6726
6684
6727
6685
6728
6686
6729
6687
6730
6688
6731
6689
6732
6690
6733
6691
6734
6692
6735
6693
6736
6694
6737
6695
6738
6739
6697
6740
6698
6741
6699
6742
6700
6743
6701
6744
6702
6745
6703
6746
6704
6747
6705
6748
6706
6749
6707
6750
6708
6751
6709
6752
6710
6753
6711
6754
6712
6755
6713
6756
6714
6757
6715
6758
6716
6759
6717
6760
6718
6761
6719
6762
6720
6763
6721
6764
6722
6765
6723
6766
6724
6767
6725
6768
6726
6769
6727
6770
6728
6771
6729
6772
6730
6773
6731
6774
6732
6775
6733
6776
6734
6777
6735
6778
6736
6779
6737
6780
6738
6781
6739
6782
6783
6741
6784
6742
6785
6743
6786
6744
6787
6745
6788
6746
6789
6747
6790
6748
6791
6749
6792
6750
6793
6751
6794
6752
6795
6753
6796
6754
6797
6755
6798
6756
6799
6757
6800
6758
6801
6759
6802
6760
6803
6761
6804
6762
6805
6763
6806
6764
6807
6765
6808
6766
6809
6767
6810
6768
6811
6769
6812
6770
6813
6771
6814
6772
6815
6773
6816
6774
6817
6775
6818
6776
6819
6777
6820
6778
6821
6779
6822
6780
6823
6781
6824
6782
6825
6783
6826
6827
6785
6828
6786
6829
6787
6830
6788
6831
6789
6832
6790
6833
6791
6834
6792
6835
6793
6836
6794
6837
6795
6838
6796
6839
6797
6840
6798
6841
6799
6842
6800
6843
6801
6844
6802
6845
6803
6846
6804
6847
6805
6848
6806
6849
6807
6850
6808
6851
6809
6852
6810
6853
6811
6854
6812
6855
6813
6856
6814
6857
6815
6858
6816
6859
6817
6860
6818
6861
6819
6862
6820
6863
6821
6864
6822
6865
6823
6866
6824
6867
6825
6868
6826
6869
6827
6870
6871
6829
6872
6830
6873
6831
6874
6832
6875
6833
6876
6834
6877
6835
6878
6836
6879
6837
6880
6838
6881
6839
6882
6840
6883
6841
6884
6842
6885
6843
6886
6844
6887
6845
6888
6846
6889
6847
6890
6848
6891
6849
6892
6850
6893
6851
6894
6852
6895
6853
6896
6854
6897
6855
6898
6856
6899
6857
6900
6858
6901
6859
6902
6860
6903
6861
6904
6862
6905
6863
6906
6864
6907
6865
6908
6866
6909
6867
6910
6868
6911
6869
6912
6870
6913
6871
6914
6915
6873
6916
6874
6917
6875
6918
6876
6919
6877
6920
6878
6921
6879
6922
6880
6923
6881
6924
6882
6925
6883
6926
6884
6927
6885
6928
6886
6929
6887
6930
6888
6931
6889
6932
6890
6933
6891
6934
6892
6935
6893
6936
6894
6937
6895
6938
6896
6939
6897
6940
6898
6941
6899
6942
6900
6943
6901
6944
6902
6945
6903
6946
6904
6947
6905
6948
6906
6949
6907
6950
6908
6951
6909
6952
6910
6953
6911
6954
6912
6955
6913
6956
6914
6957
6915
6958
6959
6917
6960
6918
6961
6919
6962
6920
6963
6921
6964
6922
6965
6923
6966
6924
6967
6925
6968
6926
6969
6927
6970
6928
6971
6929
6972
6930
6973
6931
6974
6932
6975
6933
6976
6934
6977
6935
6978
6936
6979
6937
6980
6938
6981
6939
6982
6940
6983
6941
6984
6942
6985
6943
6986
6944
6987
6945
6988
6946
6989
6947
6990
6948
6991
6949
6992
6950
6993
6951
6994
6952
6995
6953
6996
6954
6997
6955
6998
6956
6999
6957
7000
6958
7001
6959
7002
7003
6961
7004
6962
7005
6963
7006
6964
7007
6965
7008
6966
7009
6967
7010
6968
7011
6969
7012
6970
7013
6971
7014
6972
7015
6973
7016
6974
7017
6975
7018
6976
7019
6977
7020
6978
7021
6979
7022
6980
7023
6981
7024
6982
7025
6983
7026
6984
7027
6985
7028
6986
7029
6987
7030
6988
7031
6989
7032
6990
7033
6991
7034
6992
7035
6993
7036
6994
7037
6995
7038
6996
7039
6997
7040
6998
7041
6999
7042
7000
7043
7001
7044
7002
7045
7003
7046
7047
7005
7048
7006
7049
7007
7050
7008
7051
7009
7052
7010
7053
7011
7054
7012
7055
7013
7056
7014
7057
7015
7058
7016
7059
7017
7060
7018
7061
7019
7062
7020
7063
7021
7064
7022
7065
7023
7066
7024
7067
7025
7068
7026
7069
7027
7070
7028
7071
7029
7072
7030
7073
7031
7074
7032
7075
7033
7076
7034
7077
7035
7078
7036
7079
7037
7080
7038
7081
7039
7082
7040
7083
7041
7084
7042
7085
7043
7086
7044
7087
7045
7088
7046
7089
7047
7090
7091
7049
7092
7050
7093
7051
7094
7052
7095
7053
7096
7054
7097
7055
7098
7056
7099
7057
7100
7058
7101
7059
7102
7060
7103
7061
7104
7062
7105
7063
7106
7064
7107
7065
7108
7066
7109
7067
7110
7068
7111
7069
7112
7070
7113
7071
7114
7072
7115
7073
7116
7074
7117
7075
7118
7076
7119
7077
7120
7078
7121
7079
7122
7080
7123
7081
7124
7082
7125
7083
7126
7084
7127
7085
7128
7086
7129
7087
7130
7088
7131
7089
7132
7090
7133
7091
7134
7135
7093
7136
7094
7137
7095
7138
7096
7139
7097
7140
7098
7141
7099
7142
7100
7143
7101
7144
7102
7145
7103
7146
7104
7147
7105
7148
7106
7149
7107
7150
7108
7151
7109
7152
7110
7153
7111
7154
7112
7155
7113
7156
7114
7157
7115
7158
7116
7159
7117
7160
7118
7161
7119
7162
7120
7163
7121
7164
7122
7165
7123
7166
7124
7167
7125
7168
7126
7169
7127
7170
7128
7171
7129
7172
7130
7173
7131
7174
7132
7175
7133
7176
7134
7177
7135
7178
7179
7137
7180
7138
7181
7139
7182
7140
7183
7141
7184
7142
7185
7143
7186
7144
7187
7145
7188
7146
7189
7147
7190
7148
7191
7149
7192
7150
7193
7151
7194
7152
7195
7153
7196
7154
7197
7155
7198
7156
7199
7157
7200
7158
7201
7159
7202
7160
7203
7161
7204
7162
7205
7163
7206
7164
7207
7165
7208
7166
7209
7167
7210
7168
7211
7169
7212
7170
7213
7171
7214
7172
7215
7173
7216
7174
7217
7175
7218
7176
7219
7177
7220
7178
7221
7179
7222
7223
7181
7224
7182
7225
7183
7226
7184
7227
7185
7228
7186
7229
7187
7230
7188
7231
7189
7232
7190
7233
7191
7234
7192
7235
7193
7236
7194
7237
7195
7238
7196
7239
7197
7240
7198
7241
7199
7242
7200
7243
7201
7244
7202
7245
7203
7246
7204
7247
7205
7248
7206
7249
7207
7250
7208
7251
7209
7252
7210
7253
7211
7254
7212
7255
7213
7256
7214
7257
7215
7258
7216
7259
7217
7260
7218
7261
7219
7262
7220
7263
7221
7264
7222
7265
7223
7266
7267
7225
7268
7226
7269
7227
7270
7228
7271
7229
7272
7230
7273
7231
7274
7232
7275
7233
7276
7234
7277
7235
7278
7236
7279
7237
7280
7238
7281
7239
7282
7240
7283
7241
7284
7242
7285
7243
7286
7244
7287
7245
7288
7246
7289
7247
7290
7248
7291
7249
7292
7250
7293
7251
7294
7252
7295
7253
7296
7254
7297
7255
7298
7256
7299
7257
7300
7258
7301
7259
7302
7260
7303
7261
7304
7262
7305
7263
7306
7264
7307
7265
7308
7266
7309
7267
7310
7311
7269
7312
7270
7313
7271
7314
7272
7315
7273
7316
7274
7317
7275
7318
7276
7319
7277
7320
7278
7321
7279
7322
7280
7323
7281
7324
7282
7325
7283
7326
7284
7327
7285
7328
7286
7329
7287
7330
7288
7331
7289
7332
7290
7333
7291
7334
7292
7335
7293
7336
7294
7337
7295
7338
7296
7339
7297
7340
7298
7341
7299
7342
7300
7343
7301
7344
7302
7345
7303
7346
7304
7347
7305
7348
7306
7349
7307
7350
7308
7351
7309
7352
7310
7353
7311
7354
7355
7313
7356
7314
7357
7315
7358
7316
7359
7317
7360
7318
7361
7319
7362
7320
7363
7321
7364
7322
7365
7323
7366
7324
7367
7325
7368
7326
7369
7327
7370
7328
7371
7329
7372
7330
7373
7331
7374
7332
7375
7333
7376
7334
7377
7335
7378
7336
7379
7337
7380
7338
7381
7339
7382
7340
7383
7341
7384
7342
7385
7343
7386
7344
7387
7345
7388
7346
7389
7347
7390
7348
7391
7349
7392
7350
7393
7351
7394
7352
7395
7353
7396
7354
7397
7355
7398
7399
7357
7400
7358
7401
7359
7402
7360
7403
7361
7404
7362
7405
7363
7406
7364
7407
7365
7408
7366
7409
7367
7410
7368
7411
7369
7412
7370
7413
7371
7414
7372
7415
7373
7416
7374
7417
7375
7418
7376
7419
7377
7420
7378
7421
7379
7422
7380
7423
7381
7424
7382
7425
7383
7426
7384
7427
7385
7428
7386
7429
7387
7430
7388
7431
7389
7432
7390
7433
7391
7434
7392
7435
7393
7436
7394
7437
7395
7438
7396
7439
7397
7440
7398
7441
7399
7442
7443
7401
7444
7402
7445
7403
7446
7404
7447
7405
7448
7406
7449
7407
7450
7408
7451
7409
7452
7410
7453
7411
7454
7412
7455
7413
7456
7414
7457
7415
7458
7416
7459
7417
7460
7418
7461
7419
7462
7420
7463
7421
7464
7422
7465
7423
7466
7424
7467
7425
7468
7426
7469
7427
7470
7428
7471
7429
7472
7430
7473
7431
7474
7432
7475
7433
7476
7434
7477
7435
7478
7436
7479
7437
7480
7438
7481
7439
7482
7440
7483
7441
7484
7442
7485
7443
7486
7487
7445
7488
7446
7489
7447
7490
7448
7491
7449
7492
7450
7493
7451
7494
7452
7495
7453
7496
7454
7497
7455
7498
7456
7499
7457
7500
7458
7501
7459
7502
7460
7503
7461
7504
7462
7505
7463
7506
7464
7507
7465
7508
7466
7509
7467
7510
7468
7511
7469
7512
7470
7513
7471
7514
7472
7515
7473
7516
7474
7517
7475
7518
7476
7519
7477
7520
7478
7521
7479
7522
7480
7523
7481
7524
7482
7525
7483
7526
7484
7527
7485
7528
7486
7529
7487
7530
7531
7489
7532
7490
7533
7491
7534
7492
7535
7493
7536
7494
7537
7495
7538
7496
7539
7497
7540
7498
7541
7499
7542
7500
7543
7501
7544
7502
7545
7503
7546
7504
7547
7505
7548
7506
7549
7507
7550
7508
7551
7509
7552
7510
7553
7511
7554
7512
7555
7513
7556
7514
7557
7515
7558
7516
7559
7517
7560
7518
7561
7519
7562
7520
7563
7521
7564
7522
7565
7523
7566
7524
7567
7525
7568
7526
7569
7527
7570
7528
7571
7529
7572
7530
7573
7531
7574
7575
7533
7576
7534
7577
7535
7578
7536
7579
7537
7580
7538
7581
7539
7582
7540
7583
7541
7584
7542
7585
7543
7586
7544
7587
7545
7588
7546
7589
7547
7590
7548
7591
7549
7592
7550
7593
7551
7594
7552
7595
7553
7596
7554
7597
7555
7598
7556
7599
7557
7600
7558
7601
7559
7602
7560
7603
7561
7604
7562
7605
7563
7606
7564
7607
7565
7608
7566
7609
7567
7610
7568
7611
7569
7612
7570
7613
7571
7614
7572
7615
7573
7616
7574
7617
7575
7618
7619
7577
7620
7578
7621
7579
7622
7580
7623
7581
7624
7582
7625
7583
7626
7584
7627
7585
7628
7586
7629
7587
7630
7588
7631
7589
7632
7590
7633
7591
7634
7592
7635
7593
7636
7594
7637
7595
7638
7596
7639
7597
7640
7598
7641
7599
7642
7600
7643
7601
7644
7602
7645
7603
7646
7604
7647
7605
7648
7606
7649
7607
7650
7608
7651
7609
7652
7610
7653
7611
7654
7612
7655
7613
7656
7614
7657
7615
7658
7616
7659
7617
7660
7618
7661
7619
7662
7663
7621
7664
7622
7665
7623
7666
7624
7667
7625
7668
7626
7669
7627
7670
7628
7671
7629
7672
7630
7673
7631
7674
7632
7675
7633
7676
7634
7677
7635
7678
7636
7679
7637
7680
7638
7681
7639
7682
7640
7683
7641
7684
7642
7685
7643
7686
7644
7687
7645
7688
7646
7689
7647
7690
7648
7691
7649
7692
7650
7693
7651
7694
7652
7695
7653
7696
7654
7697
7655
7698
7656
7699
7657
7700
7658
7701
7659
7702
7660
7703
7661
7704
7662
7705
7663
7706
7707
7665
7708
7666
7709
7667
7710
7668
7711
7669
7712
7670
7713
7671
7714
7672
7715
7673
7716
7674
7717
7675
7718
7676
7719
7677
7720
7678
7721
7679
7722
7680
7723
7681
7724
7682
7725
7683
7726
7684
7727
7685
7728
7686
7729
7687
7730
7688
7731
7689
7732
7690
7733
7691
7734
7692
7735
7693
7736
7694
7737
7695
7738
7696
7739
7697
7740
7698
7741
7699
7742
7700
7743
7701
7744
7702
7745
7703
7746
7704
7747
7705
7748
7706
7749
7707
7750
7751
7709
7710
7711
7712
7713
7714
7715
7716
7717
7718
7719
7720
7721
7722
7723
7724
7725
7726
7727
7728
7729
7730
7731
7732
7733
7734
7735
7736
7737
7738
7739
7740
7741
7742
7743
7744
7745
7746
7747
7748
7749
7750
7751
7753
7778
7754
7779
7755
7780
7756
7781
7757
7782
7758
7783
7759
7784
7760
7785
7761
7786
7762
7787
7763
7788
7764
7789
7765
7790
7766
7791
7767
7792
7768
7793
7769
7794
7770
7795
7771
7796
7772
7797
7773
7798
7774
7799
7775
7800
7776
7801
7777
7802
7803
7779
7804
7780
7805
7781
7806
7782
7807
7783
7808
7784
7809
7785
7810
7786
7811
7787
7812
7788
7813
7789
7814
7790
7815
7791
7816
7792
7817
7793
7818
7794
7819
7795
7820
7796
7821
7797
7822
7798
7823
7799
7824
7800
7825
7801
7826
7802
7827
7803
7828
7829
7805
7830
7806
7831
7807
7832
7808
7833
7809
7834
7810
7835
7811
7836
7812
7837
7813
7838
7814
7839
7815
7840
7816
7841
7817
7842
7818
7843
7819
7844
7820
7845
7821
7846
7822
7847
7823
7848
7824
7849
7825
7850
7826
7851
7827
7852
7828
7853
7829
7854
7855
7831
7856
7832
7857
7833
7858
7834
7859
7835
7860
7836
7861
7837
7862
7838
7863
7839
7864
7840
7865
7841
7866
7842
7867
7843
7868
7844
7869
7845
7870
7846
7871
7847
7872
7848
7873
7849
7874
7850
7875
7851
7876
7852
7877
7853
7878
7854
7879
7855
7880
7881
7857
7882
7858
7883
7859
7884
7860
7885
7861
7886
7862
7887
7863
7888
7864
7889
7865
7890
7866
7891
7867
7892
7868
7893
7869
7894
7870
7895
7871
7896
7872
7897
7873
7898
7874
7899
7875
7900
7876
7901
7877
7902
7878
7903
7879
7904
7880
7905
7881
7906
7907
7883
7908
7884
7909
7885
7910
7886
7911
7887
7912
7888
7913
7889
7914
7890
7915
7891
7916
7892
7917
7893
7918
7894
7919
7895
7920
7896
7921
7897
7922
7898
7923
7899
7924
7900
7925
7901
7926
7902
7927
7903
7928
7904
7929
7905
7930
7906
7931
7907
7932
7933
7909
7934
7910
7935
7911
7936
7912
7937
7913
7938
7914
7939
7915
7940
7916
7941
7917
7942
7918
7943
7919
7944
7920
7945
7921
7946
7922
7947
7923
7948
7924
7949
7925
7950
7926
7951
7927
7952
7928
7953
7929
7954
7930
7955
7931
7956
7932
7957
7933
7958
7959
7935
7960
7936
7961
7937
7962
7938
7963
7939
7964
7940
7965
7941
7966
7942
7967
7943
7968
7944
7969
7945
7970
7946
7971
7947
7972
7948
7973
7949
7974
7950
7975
7951
7976
7952
7977
7953
7978
7954
7979
7955
7980
7956
7981
7957
7982
7958
7983
7959
7984
7985
7961
7986
7962
7987
7963
7988
7964
7989
7965
7990
7966
7991
7967
7992
7968
7993
7969
7994
7970
7995
7971
7996
7972
7997
7973
7998
7974
7999
7975
8000
7976
8001
7977
8002
7978
8003
7979
8004
7980
8005
7981
8006
7982
8007
7983
8008
7984
8009
7985
8010
8011
7987
8012
7988
8013
7989
8014
7990
8015
7991
8016
7992
8017
7993
8018
7994
8019
7995
8020
7996
8021
7997
8022
7998
8023
7999
8024
8000
8025
8001
8026
8002
8027
8003
8028
8004
8029
8005
8030
8006
8031
8007
8032
8008
8033
8009
8034
8010
8035
8011
8036
8037
8013
8038
8014
8039
8015
8040
8016
8041
8017
8042
8018
8043
8019
8044
8020
8045
8021
8046
8022
8047
8023
8048
8024
8049
8025
8050
8026
8051
8027
8052
8028
8053
8029
8054
8030
8055
8031
8056
8032
8057
8033
8058
8034
8059
8035
8060
8036
8061
8037
8062
8063
8039
8064
8040
8065
8041
8066
8042
8067
8043
8068
8044
8069
8045
8070
8046
8071
8047
8072
8048
8073
8049
8074
8050
8075
8051
8076
8052
8077
8053
8078
8054
8079
8055
8080
8056
8081
8057
8082
8058
8083
8059
8084
8060
8085
8061
8086
8062
8087
8063
8088
8089
8065
8090
8066
8091
8067
8092
8068
8093
8069
8094
8070
8095
8071
8096
8072
8097
8073
8098
8074
8099
8075
8100
8076
8101
8077
8102
8078
8103
8079
8104
8080
8105
8081
8106
8082
8107
8083
8108
8084
8109
8085
8110
8086
8111
8087
8112
8088
8113
8089
8114
8115
8091
8116
8092
8117
8093
8118
8094
8119
8095
8120
8096
8121
8097
8122
8098
8123
8099
8124
8100
8125
8101
8126
8102
8127
8103
8128
8104
8129
8105
8130
8106
8131
8107
8132
8108
8133
8109
8134
8110
8135
8111
8136
8112
8137
8113
8138
8114
8139
8115
8140
8141
8117
8142
8118
8143
8119
8144
8120
8145
8121
8146
8122
8147
8123
8148
8124
8149
8125
8150
8126
8151
8127
8152
8128
8153
8129
8154
8130
8155
8131
8156
8132
8157
8133
8158
8134
8159
8135
8160
8136
8161
8137
8162
8138
8163
8139
8164
8140
8165
8141
8166
8167
8143
8168
8144
8169
8145
8170
8146
8171
8147
8172
8148
8173
8149
8174
8150
8175
8151
8176
8152
8177
8153
8178
8154
8179
8155
8180
8156
8181
8157
8182
8158
8183
8159
8184
8160
8185
8161
8186
8162
8187
8163
8188
8164
8189
8165
8190
8166
8191
8167
8192
8193
8169
8194
8170
8195
8171
8196
8172
8197
8173
8198
8174
8199
8175
8200
8176
8201
8177
8202
8178
8203
8179
8204
8180
8205
8181
8206
8182
8207
8183
8208
8184
8209
8185
8210
8186
8211
8187
8212
8188
8213
8189
8214
8190
8215
8191
8216
8192
8217
8193
8218
8219
8195
8220
8196
8221
8197
8222
8198
8223
8199
8224
8200
8225
8201
8226
8202
8227
8203
8228
8204
8229
8205
8230
8206
8231
8207
8232
8208
8233
8209
8234
8210
8235
8211
8236
8212
8237
8213
8238
8214
8239
8215
8240
8216
8241
8217
8242
8218
8243
8219
8244
8245
8221
8246
8222
8247
8223
8248
8224
8249
8225
8250
8226
8251
8227
8252
8228
8253
8229
8254
8230
8255
8231
8256
8232
8257
8233
8258
8234
8259
8235
8260
8236
8261
8237
8262
8238
8263
8239
8264
8240
8265
8241
8266
8242
8267
8243
8268
8244
8269
8245
8270
8271
8247
8272
8248
8273
8249
8274
8250
8275
8251
8276
8252
8277
8253
8278
8254
8279
8255
8280
8256
8281
8257
8282
8258
8283
8259
8284
8260
8285
8261
8286
8262
8287
8263
8288
8264
8289
8265
8290
8266
8291
8267
8292
8268
8293
8269
8294
8270
8295
8271
8296
8297
8273
8298
8274
8299
8275
8300
8276
8301
8277
8302
8278
8303
8279
8304
8280
8305
8281
8306
8282
8307
8283
8308
8284
8309
8285
8310
8286
8311
8287
8312
8288
8313
8289
8314
8290
8315
8291
8316
8292
8317
8293
8318
8294
8319
8295
8320
8296
8321
8297
8322
8323
8299
8324
8300
8325
8301
8326
8302
8327
8303
8328
8304
8329
8305
8330
8306
8331
8307
8332
8308
8333
8309
8334
8310
8335
8311
8336
8312
8337
8313
8338
8314
8339
8315
8340
8316
8341
8317
8342
8318
8343
8319
8344
8320
8345
8321
8346
8322
8347
8323
8348
8349
8325
8350
8326
8351
8327
8352
8328
8353
8329
8354
8330
8355
8331
8356
8332
8357
8333
8358
8334
8359
8335
8360
8336
8361
8337
8362
8338
8363
8339
8364
8340
8365
8341
8366
8342
8367
8343
8368
8344
8369
8345
8370
8346
8371
8347
8372
8348
8373
8349
8374
8375
8351
8376
8352
8377
8353
8378
8354
8379
8355
8380
8356
8381
8357
8382
8358
8383
8359
8384
8360
8385
8361
8386
8362
8387
8363
8388
8364
8389
8365
8390
8366
8391
8367
8392
8368
8393
8369
8394
8370
8395
8371
8396
8372
8397
8373
8398
8374
8399
8375
8400
8401
8377
8402
8378
8403
8379
8404
8380
8405
8381
8406
8382
8407
8383
8408
8384
8409
8385
8410
8386
8411
8387
8412
8388
8413
8389
8414
8390
8415
8391
8416
8392
8417
8393
8418
8394
8419
8395
8420
8396
8421
8397
8422
8398
8423
8399
8424
8400
8425
8401
8426
8427
8403
8428
8404
8429
8405
8430
8406
8431
8407
8432
8408
8433
8409
8434
8410
8435
8411
8436
8412
8437
8413
8438
8414
8439
8415
8440
8416
8441
8417
8442
8418
8443
8419
8444
8420
8445
8421
8446
8422
8447
8423
8448
8424
8449
8425
8450
8426
8451
8427
8452
8453
8429
8454
8430
8455
8431
8456
8432
8457
8433
8458
8434
8459
8435
8460
8436
8461
8437
8462
8438
8463
8439
8464
8440
8465
8441
8466
8442
8467
8443
8468
8444
8469
8445
8470
8446
8471
8447
8472
8448
8473
8449
8474
8450
8475
8451
8476
8452
8477
8453
8478
8479
8455
8480
8456
8481
8457
8482
8458
8483
8459
8484
8460
8485
8461
8486
8462
8487
8463
8488
8464
8489
8465
8490
8466
8491
8467
8492
8468
8493
8469
8494
8470
8495
8471
8496
8472
8497
8473
8498
8474
8499
8475
8500
8476
8501
8477
8502
8478
8503
8479
8504
8505
8481
8506
8482
8507
8483
8508
8484
8509
8485
8510
8486
8511
8487
8512
8488
8513
8489
8514
8490
8515
8491
8516
8492
8517
8493
8518
8494
8519
8495
8520
8496
8521
8497
8522
8498
8523
8499
8524
8500
8525
8501
8526
8502
8527
8503
8528
8504
8529
8505
8530
8531
8507
8532
8508
8533
8509
8534
8510
8535
8511
8536
8512
8537
8513
8538
8514
8539
8515
8540
8516
8541
8517
8542
8518
8543
8519
8544
8520
8545
8521
8546
8522
8547
8523
8548
8524
8549
8525
8550
8526
8551
8527
8552
8528
8553
8529
8554
8530
8555
8531
8556
8557
8533
8558
8534
8559
8535
8560
8536
8561
8537
8562
8538
8563
8539
8564
8540
8565
8541
8566
8542
8567
8543
8568
8544
8569
8545
8570
8546
8571
8547
8572
8548
8573
8549
8574
8550
8575
8551
8576
8552
8577
8553
8578
8554
8579
8555
8580
8556
8581
8557
8582
8583
8559
8584
8560
8585
8561
8586
8562
8587
8563
8588
8564
8589
8565
8590
8566
8591
8567
8592
8568
8593
8569
8594
8570
8595
8571
8596
8572
8597
8573
8598
8574
8599
8575
8600
8576
8601
8577
8602
8578
8603
8579
8604
8580
8605
8581
8606
8582
8607
8583
8608
8609
8585
8610
8586
8611
8587
8612
8588
8613
8589
8614
8590
8615
8591
8616
8592
8617
8593
8618
8594
8619
8595
8620
8596
8621
8597
8622
8598
8623
8599
8624
8600
8625
8601
8626
8602
8627
8603
8628
8604
8629
8605
8630
8606
8631
8607
8632
8608
8633
8609
8634
8635
8611
8636
8612
8637
8613
8638
8614
8639
8615
8640
8616
8641
8617
8642
8618
8643
8619
8644
8620
8645
8621
8646
8622
8647
8623
8648
8624
8649
8625
8650
8626
8651
8627
8652
8628
8653
8629
8654
8630
8655
8631
8656
8632
8657
8633
8658
8634
8659
8635
8660
8661
8637
8662
8638
8663
8639
8664
8640
8665
8641
8666
8642
8667
8643
8668
8644
8669
8645
8670
8646
8671
8647
8672
8648
8673
8649
8674
8650
8675
8651
8676
8652
8677
8653
8678
8654
8679
8655
8680
8656
8681
8657
8682
8658
8683
8659
8684
8660
8685
8661
8686
8687
8663
8688
8664
8689
8665
8690
8666
8691
8667
8692
8668
8693
8669
8694
8670
8695
8671
8696
8672
8697
8673
8698
8674
8699
8675
8700
8676
8701
8677
8702
8678
8703
8679
8704
8680
8705
8681
8706
8682
8707
8683
8708
8684
8709
8685
8710
8686
8711
8687
8712
8713
8689
8714
8690
8715
8691
8716
8692
8717
8693
8718
8694
8719
8695
8720
8696
8721
8697
8722
8698
8723
8699
8724
8700
8725
8701
8726
8702
8727
8703
8728
8704
8729
8705
8730
8706
8731
8707
8732
8708
8733
8709
8734
8710
8735
8711
8736
8712
8737
8713
8738
8739
8715
8740
8716
8741
8717
8742
8718
8743
8719
8744
8720
8745
8721
8746
8722
8747
8723
8748
8724
8749
8725
8750
8726
8751
8727
8752
8728
8753
8729
8754
8730
8755
8731
8756
8732
8757
8733
8758
8734
8759
8735
8760
8736
8761
8737
8762
8738
8763
8739
8764
8765
8741
8766
8742
8767
8743
8768
8744
8769
8745
8770
8746
8771
8747
8772
8748
8773
8749
8774
8750
8775
8751
8776
8752
8777
8753
8778
8754
8779
8755
8780
8756
8781
8757
8782
8758
8783
8759
8784
8760
8785
8761
8786
8762
8787
8763
8788
8764
8789
8765
8790
8791
8767
8792
8768
8793
8769
8794
8770
8795
8771
8796
8772
8797
8773
8798
8774
8799
8775
8800
8776
8801
8777
8802
8778
8803
8779
8804
8780
8805
8781
8806
8782
8807
8783
8808
8784
8809
8785
8810
8786
8811
8787
8812
8788
8813
8789
8814
8790
8815
8791
8816
8817
8793
8818
8794
8819
8795
8820
8796
8821
8797
8822
8798
8823
8799
8824
8800
8825
8801
8826
8802
8827
8803
8828
8804
8829
8805
8830
8806
8831
8807
8832
8808
8833
8809
8834
8810
8835
8811
8836
8812
8837
8813
8838
8814
8839
8815
8840
8816
8841
8817
8842
8843
8819
8844
8820
8845
8821
8846
8822
8847
8823
8848
8824
8849
8825
8850
8826
8851
8827
8852
8828
8853
8829
8854
8830
8855
8831
8856
8832
8857
8833
8858
8834
8859
8835
8860
8836
8861
8837
8862
8838
8863
8839
8864
8840
8865
8841
8866
8842
8867
8843
8868
8869
8845
8870
8846
8871
8847
8872
8848
8873
8849
8874
8850
8875
8851
8876
8852
8877
8853
8878
8854
8879
8855
8880
8856
8881
8857
8882
8858
8883
8859
8884
8860
8885
8861
8886
8862
8887
8863
8888
8864
8889
8865
8890
8866
8891
8867
8892
8868
8893
8869
8894
8895
8871
8872
8873
8874
8875
8876
8877
8878
8879
8880
8881
8882
8883
8884
8885
8886
8887
8888
8889
8890
8891
8892
8893
8894
8895
)


// ************************************************************************* //
