/*--------------------------------*- C++ -*----------------------------------*\
| =========                 |                                                 |
| \\      /  F ield         | OpenFOAM: The Open Source CFD Toolbox           |
|  \\    /   O peration     | Version:  2412                                  |
|   \\  /    A nd           | Website:  www.openfoam.com                      |
|    \\/     M anipulation  |                                                 |
\*---------------------------------------------------------------------------*/
FoamFile
{
    version     2.0;
    format      ascii;
    arch        "LSB;label=32;scalar=64";
    note        "nPoints:13048  nCells:6320  nFaces:25484  nInternalFaces:12436";
    class       labelList;
    location    "constant/polyMesh";
    object      neighbour;
}
// * * * * * * * * * * * * * * * * * * * * * * * * * * * * * * * * * * * * * //


12436
(
1
10
2570
2
11
2571
3
12
2572
4
13
2573
5
14
2574
6
15
2575
7
16
2576
8
17
2577
9
18
2578
19
160
2579
11
20
12
21
13
22
14
23
15
24
16
25
17
26
18
27
19
28
29
194
21
30
22
31
23
32
24
33
25
34
26
35
27
36
28
37
29
38
39
228
31
40
32
41
33
42
34
43
35
44
36
45
37
46
38
47
39
48
49
262
41
50
42
51
43
52
44
53
45
54
46
55
47
56
48
57
49
58
59
296
51
60
52
61
53
62
54
63
55
64
56
65
57
66
58
67
59
68
69
330
61
70
62
71
63
72
64
73
65
74
66
75
67
76
68
77
69
78
79
364
71
80
72
81
73
82
74
83
75
84
76
85
77
86
78
87
79
88
89
398
81
90
82
91
83
92
84
93
85
94
86
95
87
96
88
97
89
98
99
432
91
100
92
101
93
102
94
103
95
104
96
105
97
106
98
107
99
108
109
466
101
110
102
111
103
112
104
113
105
114
106
115
107
116
108
117
109
118
119
500
111
120
112
121
113
122
114
123
115
124
116
125
117
126
118
127
119
128
129
534
121
130
122
131
123
132
124
133
125
134
126
135
127
136
128
137
129
138
139
568
131
140
132
141
133
142
134
143
135
144
136
145
137
146
138
147
139
148
149
602
141
150
142
151
143
152
144
153
145
154
146
155
147
156
148
157
149
158
159
636
151
152
153
154
155
156
157
158
159
670
161
194
5402
162
195
5403
163
196
5404
164
197
5405
165
198
5406
166
199
5407
167
200
5408
168
201
5409
169
202
5410
170
203
5411
171
204
5412
172
205
5413
173
206
5414
174
207
5415
175
208
5416
176
209
5417
177
210
5418
178
211
5419
179
212
5420
180
213
5421
181
214
5422
182
215
5423
183
216
5424
184
217
5425
185
218
5426
186
219
5427
187
220
5428
188
221
5429
189
222
5430
190
223
5431
191
224
5432
192
225
5433
193
226
5434
227
704
5435
195
228
196
229
197
230
198
231
199
232
200
233
201
234
202
235
203
236
204
237
205
238
206
239
207
240
208
241
209
242
210
243
211
244
212
245
213
246
214
247
215
248
216
249
217
250
218
251
219
252
220
253
221
254
222
255
223
256
224
257
225
258
226
259
227
260
261
730
229
262
230
263
231
264
232
265
233
266
234
267
235
268
236
269
237
270
238
271
239
272
240
273
241
274
242
275
243
276
244
277
245
278
246
279
247
280
248
281
249
282
250
283
251
284
252
285
253
286
254
287
255
288
256
289
257
290
258
291
259
292
260
293
261
294
295
756
263
296
264
297
265
298
266
299
267
300
268
301
269
302
270
303
271
304
272
305
273
306
274
307
275
308
276
309
277
310
278
311
279
312
280
313
281
314
282
315
283
316
284
317
285
318
286
319
287
320
288
321
289
322
290
323
291
324
292
325
293
326
294
327
295
328
329
782
297
330
298
331
299
332
300
333
301
334
302
335
303
336
304
337
305
338
306
339
307
340
308
341
309
342
310
343
311
344
312
345
313
346
314
347
315
348
316
349
317
350
318
351
319
352
320
353
321
354
322
355
323
356
324
357
325
358
326
359
327
360
328
361
329
362
363
808
331
364
332
365
333
366
334
367
335
368
336
369
337
370
338
371
339
372
340
373
341
374
342
375
343
376
344
377
345
378
346
379
347
380
348
381
349
382
350
383
351
384
352
385
353
386
354
387
355
388
356
389
357
390
358
391
359
392
360
393
361
394
362
395
363
396
397
834
365
398
366
399
367
400
368
401
369
402
370
403
371
404
372
405
373
406
374
407
375
408
376
409
377
410
378
411
379
412
380
413
381
414
382
415
383
416
384
417
385
418
386
419
387
420
388
421
389
422
390
423
391
424
392
425
393
426
394
427
395
428
396
429
397
430
431
860
399
432
400
433
401
434
402
435
403
436
404
437
405
438
406
439
407
440
408
441
409
442
410
443
411
444
412
445
413
446
414
447
415
448
416
449
417
450
418
451
419
452
420
453
421
454
422
455
423
456
424
457
425
458
426
459
427
460
428
461
429
462
430
463
431
464
465
886
433
466
434
467
435
468
436
469
437
470
438
471
439
472
440
473
441
474
442
475
443
476
444
477
445
478
446
479
447
480
448
481
449
482
450
483
451
484
452
485
453
486
454
487
455
488
456
489
457
490
458
491
459
492
460
493
461
494
462
495
463
496
464
497
465
498
499
912
467
500
468
501
469
502
470
503
471
504
472
505
473
506
474
507
475
508
476
509
477
510
478
511
479
512
480
513
481
514
482
515
483
516
484
517
485
518
486
519
487
520
488
521
489
522
490
523
491
524
492
525
493
526
494
527
495
528
496
529
497
530
498
531
499
532
533
938
501
534
502
535
503
536
504
537
505
538
506
539
507
540
508
541
509
542
510
543
511
544
512
545
513
546
514
547
515
548
516
549
517
550
518
551
519
552
520
553
521
554
522
555
523
556
524
557
525
558
526
559
527
560
528
561
529
562
530
563
531
564
532
565
533
566
567
964
535
568
536
569
537
570
538
571
539
572
540
573
541
574
542
575
543
576
544
577
545
578
546
579
547
580
548
581
549
582
550
583
551
584
552
585
553
586
554
587
555
588
556
589
557
590
558
591
559
592
560
593
561
594
562
595
563
596
564
597
565
598
566
599
567
600
601
990
569
602
570
603
571
604
572
605
573
606
574
607
575
608
576
609
577
610
578
611
579
612
580
613
581
614
582
615
583
616
584
617
585
618
586
619
587
620
588
621
589
622
590
623
591
624
592
625
593
626
594
627
595
628
596
629
597
630
598
631
599
632
600
633
601
634
635
1016
603
636
604
637
605
638
606
639
607
640
608
641
609
642
610
643
611
644
612
645
613
646
614
647
615
648
616
649
617
650
618
651
619
652
620
653
621
654
622
655
623
656
624
657
625
658
626
659
627
660
628
661
629
662
630
663
631
664
632
665
633
666
634
667
635
668
669
1042
637
670
638
671
639
672
640
673
641
674
642
675
643
676
644
677
645
678
646
679
647
680
648
681
649
682
650
683
651
684
652
685
653
686
654
687
655
688
656
689
657
690
658
691
659
692
660
693
661
694
662
695
663
696
664
697
665
698
666
699
667
700
668
701
669
702
703
1068
671
672
673
674
675
676
677
678
679
680
681
682
683
684
685
686
687
688
689
690
691
692
693
694
695
696
697
698
699
700
701
702
703
1094
705
730
6294
706
731
6295
707
732
6296
708
733
6297
709
734
6298
710
735
6299
711
736
6300
712
737
6301
713
738
6302
714
739
6303
715
740
6304
716
741
6305
717
742
6306
718
743
6307
719
744
6308
720
745
6309
721
746
6310
722
747
6311
723
748
6312
724
749
6313
725
750
6314
726
751
6315
727
752
6316
728
753
6317
729
754
6318
755
6319
731
756
732
757
733
758
734
759
735
760
736
761
737
762
738
763
739
764
740
765
741
766
742
767
743
768
744
769
745
770
746
771
747
772
748
773
749
774
750
775
751
776
752
777
753
778
754
779
755
780
781
757
782
758
783
759
784
760
785
761
786
762
787
763
788
764
789
765
790
766
791
767
792
768
793
769
794
770
795
771
796
772
797
773
798
774
799
775
800
776
801
777
802
778
803
779
804
780
805
781
806
807
783
808
784
809
785
810
786
811
787
812
788
813
789
814
790
815
791
816
792
817
793
818
794
819
795
820
796
821
797
822
798
823
799
824
800
825
801
826
802
827
803
828
804
829
805
830
806
831
807
832
833
809
834
810
835
811
836
812
837
813
838
814
839
815
840
816
841
817
842
818
843
819
844
820
845
821
846
822
847
823
848
824
849
825
850
826
851
827
852
828
853
829
854
830
855
831
856
832
857
833
858
859
835
860
836
861
837
862
838
863
839
864
840
865
841
866
842
867
843
868
844
869
845
870
846
871
847
872
848
873
849
874
850
875
851
876
852
877
853
878
854
879
855
880
856
881
857
882
858
883
859
884
885
861
886
862
887
863
888
864
889
865
890
866
891
867
892
868
893
869
894
870
895
871
896
872
897
873
898
874
899
875
900
876
901
877
902
878
903
879
904
880
905
881
906
882
907
883
908
884
909
885
910
911
887
912
888
913
889
914
890
915
891
916
892
917
893
918
894
919
895
920
896
921
897
922
898
923
899
924
900
925
901
926
902
927
903
928
904
929
905
930
906
931
907
932
908
933
909
934
910
935
911
936
937
913
938
914
939
915
940
916
941
917
942
918
943
919
944
920
945
921
946
922
947
923
948
924
949
925
950
926
951
927
952
928
953
929
954
930
955
931
956
932
957
933
958
934
959
935
960
936
961
937
962
963
939
964
940
965
941
966
942
967
943
968
944
969
945
970
946
971
947
972
948
973
949
974
950
975
951
976
952
977
953
978
954
979
955
980
956
981
957
982
958
983
959
984
960
985
961
986
962
987
963
988
989
965
990
966
991
967
992
968
993
969
994
970
995
971
996
972
997
973
998
974
999
975
1000
976
1001
977
1002
978
1003
979
1004
980
1005
981
1006
982
1007
983
1008
984
1009
985
1010
986
1011
987
1012
988
1013
989
1014
1015
991
1016
992
1017
993
1018
994
1019
995
1020
996
1021
997
1022
998
1023
999
1024
1000
1025
1001
1026
1002
1027
1003
1028
1004
1029
1005
1030
1006
1031
1007
1032
1008
1033
1009
1034
1010
1035
1011
1036
1012
1037
1013
1038
1014
1039
1015
1040
1041
1017
1042
1018
1043
1019
1044
1020
1045
1021
1046
1022
1047
1023
1048
1024
1049
1025
1050
1026
1051
1027
1052
1028
1053
1029
1054
1030
1055
1031
1056
1032
1057
1033
1058
1034
1059
1035
1060
1036
1061
1037
1062
1038
1063
1039
1064
1040
1065
1041
1066
1067
1043
1068
1044
1069
1045
1070
1046
1071
1047
1072
1048
1073
1049
1074
1050
1075
1051
1076
1052
1077
1053
1078
1054
1079
1055
1080
1056
1081
1057
1082
1058
1083
1059
1084
1060
1085
1061
1086
1062
1087
1063
1088
1064
1089
1065
1090
1066
1091
1067
1092
1093
1069
1094
1070
1095
1071
1096
1072
1097
1073
1098
1074
1099
1075
1100
1076
1101
1077
1102
1078
1103
1079
1104
1080
1105
1081
1106
1082
1107
1083
1108
1084
1109
1085
1110
1086
1111
1087
1112
1088
1113
1089
1114
1090
1115
1091
1116
1092
1117
1093
1118
1119
1095
1096
1097
1098
1099
1100
1101
1102
1103
1104
1105
1106
1107
1108
1109
1110
1111
1112
1113
1114
1115
1116
1117
1118
1119
1121
1130
2240
1122
1131
2241
1123
1132
2242
1124
1133
2243
1125
1134
2244
1126
1135
2245
1127
1136
2246
1128
1137
2247
1129
1138
2248
1139
1280
2249
1131
1140
1132
1141
1133
1142
1134
1143
1135
1144
1136
1145
1137
1146
1138
1147
1139
1148
1149
1314
1141
1150
1142
1151
1143
1152
1144
1153
1145
1154
1146
1155
1147
1156
1148
1157
1149
1158
1159
1348
1151
1160
1152
1161
1153
1162
1154
1163
1155
1164
1156
1165
1157
1166
1158
1167
1159
1168
1169
1382
1161
1170
1162
1171
1163
1172
1164
1173
1165
1174
1166
1175
1167
1176
1168
1177
1169
1178
1179
1416
1171
1180
1172
1181
1173
1182
1174
1183
1175
1184
1176
1185
1177
1186
1178
1187
1179
1188
1189
1450
1181
1190
1182
1191
1183
1192
1184
1193
1185
1194
1186
1195
1187
1196
1188
1197
1189
1198
1199
1484
1191
1200
1192
1201
1193
1202
1194
1203
1195
1204
1196
1205
1197
1206
1198
1207
1199
1208
1209
1518
1201
1210
1202
1211
1203
1212
1204
1213
1205
1214
1206
1215
1207
1216
1208
1217
1209
1218
1219
1552
1211
1220
1212
1221
1213
1222
1214
1223
1215
1224
1216
1225
1217
1226
1218
1227
1219
1228
1229
1586
1221
1230
1222
1231
1223
1232
1224
1233
1225
1234
1226
1235
1227
1236
1228
1237
1229
1238
1239
1620
1231
1240
1232
1241
1233
1242
1234
1243
1235
1244
1236
1245
1237
1246
1238
1247
1239
1248
1249
1654
1241
1250
1242
1251
1243
1252
1244
1253
1245
1254
1246
1255
1247
1256
1248
1257
1249
1258
1259
1688
1251
1260
1252
1261
1253
1262
1254
1263
1255
1264
1256
1265
1257
1266
1258
1267
1259
1268
1269
1722
1261
1270
1262
1271
1263
1272
1264
1273
1265
1274
1266
1275
1267
1276
1268
1277
1269
1278
1279
1756
1271
1272
1273
1274
1275
1276
1277
1278
1279
1790
1281
1314
4620
1282
1315
4621
1283
1316
4622
1284
1317
4623
1285
1318
4624
1286
1319
4625
1287
1320
4626
1288
1321
4627
1289
1322
4628
1290
1323
4629
1291
1324
4630
1292
1325
4631
1293
1326
4632
1294
1327
4633
1295
1328
4634
1296
1329
4635
1297
1330
4636
1298
1331
4637
1299
1332
4638
1300
1333
4639
1301
1334
4640
1302
1335
4641
1303
1336
4642
1304
1337
4643
1305
1338
4644
1306
1339
4645
1307
1340
4646
1308
1341
4647
1309
1342
4648
1310
1343
4649
1311
1344
4650
1312
1345
4651
1313
1346
4652
1347
1824
4653
1315
1348
1316
1349
1317
1350
1318
1351
1319
1352
1320
1353
1321
1354
1322
1355
1323
1356
1324
1357
1325
1358
1326
1359
1327
1360
1328
1361
1329
1362
1330
1363
1331
1364
1332
1365
1333
1366
1334
1367
1335
1368
1336
1369
1337
1370
1338
1371
1339
1372
1340
1373
1341
1374
1342
1375
1343
1376
1344
1377
1345
1378
1346
1379
1347
1380
1381
1850
1349
1382
1350
1383
1351
1384
1352
1385
1353
1386
1354
1387
1355
1388
1356
1389
1357
1390
1358
1391
1359
1392
1360
1393
1361
1394
1362
1395
1363
1396
1364
1397
1365
1398
1366
1399
1367
1400
1368
1401
1369
1402
1370
1403
1371
1404
1372
1405
1373
1406
1374
1407
1375
1408
1376
1409
1377
1410
1378
1411
1379
1412
1380
1413
1381
1414
1415
1876
1383
1416
1384
1417
1385
1418
1386
1419
1387
1420
1388
1421
1389
1422
1390
1423
1391
1424
1392
1425
1393
1426
1394
1427
1395
1428
1396
1429
1397
1430
1398
1431
1399
1432
1400
1433
1401
1434
1402
1435
1403
1436
1404
1437
1405
1438
1406
1439
1407
1440
1408
1441
1409
1442
1410
1443
1411
1444
1412
1445
1413
1446
1414
1447
1415
1448
1449
1902
1417
1450
1418
1451
1419
1452
1420
1453
1421
1454
1422
1455
1423
1456
1424
1457
1425
1458
1426
1459
1427
1460
1428
1461
1429
1462
1430
1463
1431
1464
1432
1465
1433
1466
1434
1467
1435
1468
1436
1469
1437
1470
1438
1471
1439
1472
1440
1473
1441
1474
1442
1475
1443
1476
1444
1477
1445
1478
1446
1479
1447
1480
1448
1481
1449
1482
1483
1928
1451
1484
1452
1485
1453
1486
1454
1487
1455
1488
1456
1489
1457
1490
1458
1491
1459
1492
1460
1493
1461
1494
1462
1495
1463
1496
1464
1497
1465
1498
1466
1499
1467
1500
1468
1501
1469
1502
1470
1503
1471
1504
1472
1505
1473
1506
1474
1507
1475
1508
1476
1509
1477
1510
1478
1511
1479
1512
1480
1513
1481
1514
1482
1515
1483
1516
1517
1954
1485
1518
1486
1519
1487
1520
1488
1521
1489
1522
1490
1523
1491
1524
1492
1525
1493
1526
1494
1527
1495
1528
1496
1529
1497
1530
1498
1531
1499
1532
1500
1533
1501
1534
1502
1535
1503
1536
1504
1537
1505
1538
1506
1539
1507
1540
1508
1541
1509
1542
1510
1543
1511
1544
1512
1545
1513
1546
1514
1547
1515
1548
1516
1549
1517
1550
1551
1980
1519
1552
1520
1553
1521
1554
1522
1555
1523
1556
1524
1557
1525
1558
1526
1559
1527
1560
1528
1561
1529
1562
1530
1563
1531
1564
1532
1565
1533
1566
1534
1567
1535
1568
1536
1569
1537
1570
1538
1571
1539
1572
1540
1573
1541
1574
1542
1575
1543
1576
1544
1577
1545
1578
1546
1579
1547
1580
1548
1581
1549
1582
1550
1583
1551
1584
1585
2006
1553
1586
1554
1587
1555
1588
1556
1589
1557
1590
1558
1591
1559
1592
1560
1593
1561
1594
1562
1595
1563
1596
1564
1597
1565
1598
1566
1599
1567
1600
1568
1601
1569
1602
1570
1603
1571
1604
1572
1605
1573
1606
1574
1607
1575
1608
1576
1609
1577
1610
1578
1611
1579
1612
1580
1613
1581
1614
1582
1615
1583
1616
1584
1617
1585
1618
1619
2032
1587
1620
1588
1621
1589
1622
1590
1623
1591
1624
1592
1625
1593
1626
1594
1627
1595
1628
1596
1629
1597
1630
1598
1631
1599
1632
1600
1633
1601
1634
1602
1635
1603
1636
1604
1637
1605
1638
1606
1639
1607
1640
1608
1641
1609
1642
1610
1643
1611
1644
1612
1645
1613
1646
1614
1647
1615
1648
1616
1649
1617
1650
1618
1651
1619
1652
1653
2058
1621
1654
1622
1655
1623
1656
1624
1657
1625
1658
1626
1659
1627
1660
1628
1661
1629
1662
1630
1663
1631
1664
1632
1665
1633
1666
1634
1667
1635
1668
1636
1669
1637
1670
1638
1671
1639
1672
1640
1673
1641
1674
1642
1675
1643
1676
1644
1677
1645
1678
1646
1679
1647
1680
1648
1681
1649
1682
1650
1683
1651
1684
1652
1685
1653
1686
1687
2084
1655
1688
1656
1689
1657
1690
1658
1691
1659
1692
1660
1693
1661
1694
1662
1695
1663
1696
1664
1697
1665
1698
1666
1699
1667
1700
1668
1701
1669
1702
1670
1703
1671
1704
1672
1705
1673
1706
1674
1707
1675
1708
1676
1709
1677
1710
1678
1711
1679
1712
1680
1713
1681
1714
1682
1715
1683
1716
1684
1717
1685
1718
1686
1719
1687
1720
1721
2110
1689
1722
1690
1723
1691
1724
1692
1725
1693
1726
1694
1727
1695
1728
1696
1729
1697
1730
1698
1731
1699
1732
1700
1733
1701
1734
1702
1735
1703
1736
1704
1737
1705
1738
1706
1739
1707
1740
1708
1741
1709
1742
1710
1743
1711
1744
1712
1745
1713
1746
1714
1747
1715
1748
1716
1749
1717
1750
1718
1751
1719
1752
1720
1753
1721
1754
1755
2136
1723
1756
1724
1757
1725
1758
1726
1759
1727
1760
1728
1761
1729
1762
1730
1763
1731
1764
1732
1765
1733
1766
1734
1767
1735
1768
1736
1769
1737
1770
1738
1771
1739
1772
1740
1773
1741
1774
1742
1775
1743
1776
1744
1777
1745
1778
1746
1779
1747
1780
1748
1781
1749
1782
1750
1783
1751
1784
1752
1785
1753
1786
1754
1787
1755
1788
1789
2162
1757
1790
1758
1791
1759
1792
1760
1793
1761
1794
1762
1795
1763
1796
1764
1797
1765
1798
1766
1799
1767
1800
1768
1801
1769
1802
1770
1803
1771
1804
1772
1805
1773
1806
1774
1807
1775
1808
1776
1809
1777
1810
1778
1811
1779
1812
1780
1813
1781
1814
1782
1815
1783
1816
1784
1817
1785
1818
1786
1819
1787
1820
1788
1821
1789
1822
1823
2188
1791
1792
1793
1794
1795
1796
1797
1798
1799
1800
1801
1802
1803
1804
1805
1806
1807
1808
1809
1810
1811
1812
1813
1814
1815
1816
1817
1818
1819
1820
1821
1822
1823
2214
1825
1850
5436
1826
1851
5437
1827
1852
5438
1828
1853
5439
1829
1854
5440
1830
1855
5441
1831
1856
5442
1832
1857
5443
1833
1858
5444
1834
1859
5445
1835
1860
5446
1836
1861
5447
1837
1862
5448
1838
1863
5449
1839
1864
5450
1840
1865
5451
1841
1866
5452
1842
1867
5453
1843
1868
5454
1844
1869
5455
1845
1870
5456
1846
1871
5457
1847
1872
5458
1848
1873
5459
1849
1874
5460
1875
5461
1851
1876
1852
1877
1853
1878
1854
1879
1855
1880
1856
1881
1857
1882
1858
1883
1859
1884
1860
1885
1861
1886
1862
1887
1863
1888
1864
1889
1865
1890
1866
1891
1867
1892
1868
1893
1869
1894
1870
1895
1871
1896
1872
1897
1873
1898
1874
1899
1875
1900
1901
1877
1902
1878
1903
1879
1904
1880
1905
1881
1906
1882
1907
1883
1908
1884
1909
1885
1910
1886
1911
1887
1912
1888
1913
1889
1914
1890
1915
1891
1916
1892
1917
1893
1918
1894
1919
1895
1920
1896
1921
1897
1922
1898
1923
1899
1924
1900
1925
1901
1926
1927
1903
1928
1904
1929
1905
1930
1906
1931
1907
1932
1908
1933
1909
1934
1910
1935
1911
1936
1912
1937
1913
1938
1914
1939
1915
1940
1916
1941
1917
1942
1918
1943
1919
1944
1920
1945
1921
1946
1922
1947
1923
1948
1924
1949
1925
1950
1926
1951
1927
1952
1953
1929
1954
1930
1955
1931
1956
1932
1957
1933
1958
1934
1959
1935
1960
1936
1961
1937
1962
1938
1963
1939
1964
1940
1965
1941
1966
1942
1967
1943
1968
1944
1969
1945
1970
1946
1971
1947
1972
1948
1973
1949
1974
1950
1975
1951
1976
1952
1977
1953
1978
1979
1955
1980
1956
1981
1957
1982
1958
1983
1959
1984
1960
1985
1961
1986
1962
1987
1963
1988
1964
1989
1965
1990
1966
1991
1967
1992
1968
1993
1969
1994
1970
1995
1971
1996
1972
1997
1973
1998
1974
1999
1975
2000
1976
2001
1977
2002
1978
2003
1979
2004
2005
1981
2006
1982
2007
1983
2008
1984
2009
1985
2010
1986
2011
1987
2012
1988
2013
1989
2014
1990
2015
1991
2016
1992
2017
1993
2018
1994
2019
1995
2020
1996
2021
1997
2022
1998
2023
1999
2024
2000
2025
2001
2026
2002
2027
2003
2028
2004
2029
2005
2030
2031
2007
2032
2008
2033
2009
2034
2010
2035
2011
2036
2012
2037
2013
2038
2014
2039
2015
2040
2016
2041
2017
2042
2018
2043
2019
2044
2020
2045
2021
2046
2022
2047
2023
2048
2024
2049
2025
2050
2026
2051
2027
2052
2028
2053
2029
2054
2030
2055
2031
2056
2057
2033
2058
2034
2059
2035
2060
2036
2061
2037
2062
2038
2063
2039
2064
2040
2065
2041
2066
2042
2067
2043
2068
2044
2069
2045
2070
2046
2071
2047
2072
2048
2073
2049
2074
2050
2075
2051
2076
2052
2077
2053
2078
2054
2079
2055
2080
2056
2081
2057
2082
2083
2059
2084
2060
2085
2061
2086
2062
2087
2063
2088
2064
2089
2065
2090
2066
2091
2067
2092
2068
2093
2069
2094
2070
2095
2071
2096
2072
2097
2073
2098
2074
2099
2075
2100
2076
2101
2077
2102
2078
2103
2079
2104
2080
2105
2081
2106
2082
2107
2083
2108
2109
2085
2110
2086
2111
2087
2112
2088
2113
2089
2114
2090
2115
2091
2116
2092
2117
2093
2118
2094
2119
2095
2120
2096
2121
2097
2122
2098
2123
2099
2124
2100
2125
2101
2126
2102
2127
2103
2128
2104
2129
2105
2130
2106
2131
2107
2132
2108
2133
2109
2134
2135
2111
2136
2112
2137
2113
2138
2114
2139
2115
2140
2116
2141
2117
2142
2118
2143
2119
2144
2120
2145
2121
2146
2122
2147
2123
2148
2124
2149
2125
2150
2126
2151
2127
2152
2128
2153
2129
2154
2130
2155
2131
2156
2132
2157
2133
2158
2134
2159
2135
2160
2161
2137
2162
2138
2163
2139
2164
2140
2165
2141
2166
2142
2167
2143
2168
2144
2169
2145
2170
2146
2171
2147
2172
2148
2173
2149
2174
2150
2175
2151
2176
2152
2177
2153
2178
2154
2179
2155
2180
2156
2181
2157
2182
2158
2183
2159
2184
2160
2185
2161
2186
2187
2163
2188
2164
2189
2165
2190
2166
2191
2167
2192
2168
2193
2169
2194
2170
2195
2171
2196
2172
2197
2173
2198
2174
2199
2175
2200
2176
2201
2177
2202
2178
2203
2179
2204
2180
2205
2181
2206
2182
2207
2183
2208
2184
2209
2185
2210
2186
2211
2187
2212
2213
2189
2214
2190
2215
2191
2216
2192
2217
2193
2218
2194
2219
2195
2220
2196
2221
2197
2222
2198
2223
2199
2224
2200
2225
2201
2226
2202
2227
2203
2228
2204
2229
2205
2230
2206
2231
2207
2232
2208
2233
2209
2234
2210
2235
2211
2236
2212
2237
2213
2238
2239
2215
2216
2217
2218
2219
2220
2221
2222
2223
2224
2225
2226
2227
2228
2229
2230
2231
2232
2233
2234
2235
2236
2237
2238
2239
2241
2250
2242
2251
2243
2252
2244
2253
2245
2254
2246
2255
2247
2256
2248
2257
2249
2258
2259
2580
2251
2260
2252
2261
2253
2262
2254
2263
2255
2264
2256
2265
2257
2266
2258
2267
2259
2268
2269
2599
2261
2270
2262
2271
2263
2272
2264
2273
2265
2274
2266
2275
2267
2276
2268
2277
2269
2278
2279
2618
2271
2280
2272
2281
2273
2282
2274
2283
2275
2284
2276
2285
2277
2286
2278
2287
2279
2288
2289
2637
2281
2290
2282
2291
2283
2292
2284
2293
2285
2294
2286
2295
2287
2296
2288
2297
2289
2298
2299
2656
2291
2300
2292
2301
2293
2302
2294
2303
2295
2304
2296
2305
2297
2306
2298
2307
2299
2308
2309
2675
2301
2310
2302
2311
2303
2312
2304
2313
2305
2314
2306
2315
2307
2316
2308
2317
2309
2318
2319
2694
2311
2320
2312
2321
2313
2322
2314
2323
2315
2324
2316
2325
2317
2326
2318
2327
2319
2328
2329
2713
2321
2330
2322
2331
2323
2332
2324
2333
2325
2334
2326
2335
2327
2336
2328
2337
2329
2338
2339
2732
2331
2340
2332
2341
2333
2342
2334
2343
2335
2344
2336
2345
2337
2346
2338
2347
2339
2348
2349
2751
2341
2350
2342
2351
2343
2352
2344
2353
2345
2354
2346
2355
2347
2356
2348
2357
2349
2358
2359
2770
2351
2360
2352
2361
2353
2362
2354
2363
2355
2364
2356
2365
2357
2366
2358
2367
2359
2368
2369
2789
2361
2370
2362
2371
2363
2372
2364
2373
2365
2374
2366
2375
2367
2376
2368
2377
2369
2378
2379
2808
2371
2380
2372
2381
2373
2382
2374
2383
2375
2384
2376
2385
2377
2386
2378
2387
2379
2388
2389
2827
2381
2390
2382
2391
2383
2392
2384
2393
2385
2394
2386
2395
2387
2396
2388
2397
2389
2398
2399
2846
2391
2400
2392
2401
2393
2402
2394
2403
2395
2404
2396
2405
2397
2406
2398
2407
2399
2408
2409
2865
2401
2410
2402
2411
2403
2412
2404
2413
2405
2414
2406
2415
2407
2416
2408
2417
2409
2418
2419
2884
2411
2420
2412
2421
2413
2422
2414
2423
2415
2424
2416
2425
2417
2426
2418
2427
2419
2428
2429
2903
2421
2430
2422
2431
2423
2432
2424
2433
2425
2434
2426
2435
2427
2436
2428
2437
2429
2438
2439
2922
2431
2440
2432
2441
2433
2442
2434
2443
2435
2444
2436
2445
2437
2446
2438
2447
2439
2448
2449
2941
2441
2450
2442
2451
2443
2452
2444
2453
2445
2454
2446
2455
2447
2456
2448
2457
2449
2458
2459
2960
2451
2460
2452
2461
2453
2462
2454
2463
2455
2464
2456
2465
2457
2466
2458
2467
2459
2468
2469
2979
2461
2470
2462
2471
2463
2472
2464
2473
2465
2474
2466
2475
2467
2476
2468
2477
2469
2478
2479
2998
2471
2480
2472
2481
2473
2482
2474
2483
2475
2484
2476
2485
2477
2486
2478
2487
2479
2488
2489
3017
2481
2490
2482
2491
2483
2492
2484
2493
2485
2494
2486
2495
2487
2496
2488
2497
2489
2498
2499
3036
2491
2500
2492
2501
2493
2502
2494
2503
2495
2504
2496
2505
2497
2506
2498
2507
2499
2508
2509
3055
2501
2510
2502
2511
2503
2512
2504
2513
2505
2514
2506
2515
2507
2516
2508
2517
2509
2518
2519
3074
2511
2520
2512
2521
2513
2522
2514
2523
2515
2524
2516
2525
2517
2526
2518
2527
2519
2528
2529
3093
2521
2530
2522
2531
2523
2532
2524
2533
2525
2534
2526
2535
2527
2536
2528
2537
2529
2538
2539
3112
2531
2540
2532
2541
2533
2542
2534
2543
2535
2544
2536
2545
2537
2546
2538
2547
2539
2548
2549
3131
2541
2550
2542
2551
2543
2552
2544
2553
2545
2554
2546
2555
2547
2556
2548
2557
2549
2558
2559
3150
2551
2560
2552
2561
2553
2562
2554
2563
2555
2564
2556
2565
2557
2566
2558
2567
2559
2568
2569
3169
2561
2570
2562
2571
2563
2572
2564
2573
2565
2574
2566
2575
2567
2576
2568
2577
2569
2578
2579
3188
2571
2572
2573
2574
2575
2576
2577
2578
2579
3207
2581
2599
4620
2582
2600
4586
2583
2601
4552
2584
2602
4518
2585
2603
4484
2586
2604
4450
2587
2605
4416
2588
2606
4382
2589
2607
4348
2590
2608
4314
2591
2609
4280
2592
2610
4246
2593
2611
4212
2594
2612
4178
2595
2613
4144
2596
2614
4110
2597
2615
4076
2598
2616
4042
2617
3292
4008
2600
2618
2601
2619
2602
2620
2603
2621
2604
2622
2605
2623
2606
2624
2607
2625
2608
2626
2609
2627
2610
2628
2611
2629
2612
2630
2613
2631
2614
2632
2615
2633
2616
2634
2617
2635
2636
3290
2619
2637
2620
2638
2621
2639
2622
2640
2623
2641
2624
2642
2625
2643
2626
2644
2627
2645
2628
2646
2629
2647
2630
2648
2631
2649
2632
2650
2633
2651
2634
2652
2635
2653
2636
2654
2655
3288
2638
2656
2639
2657
2640
2658
2641
2659
2642
2660
2643
2661
2644
2662
2645
2663
2646
2664
2647
2665
2648
2666
2649
2667
2650
2668
2651
2669
2652
2670
2653
2671
2654
2672
2655
2673
2674
3286
2657
2675
2658
2676
2659
2677
2660
2678
2661
2679
2662
2680
2663
2681
2664
2682
2665
2683
2666
2684
2667
2685
2668
2686
2669
2687
2670
2688
2671
2689
2672
2690
2673
2691
2674
2692
2693
3284
2676
2694
2677
2695
2678
2696
2679
2697
2680
2698
2681
2699
2682
2700
2683
2701
2684
2702
2685
2703
2686
2704
2687
2705
2688
2706
2689
2707
2690
2708
2691
2709
2692
2710
2693
2711
2712
3282
2695
2713
2696
2714
2697
2715
2698
2716
2699
2717
2700
2718
2701
2719
2702
2720
2703
2721
2704
2722
2705
2723
2706
2724
2707
2725
2708
2726
2709
2727
2710
2728
2711
2729
2712
2730
2731
3280
2714
2732
2715
2733
2716
2734
2717
2735
2718
2736
2719
2737
2720
2738
2721
2739
2722
2740
2723
2741
2724
2742
2725
2743
2726
2744
2727
2745
2728
2746
2729
2747
2730
2748
2731
2749
2750
3278
2733
2751
2734
2752
2735
2753
2736
2754
2737
2755
2738
2756
2739
2757
2740
2758
2741
2759
2742
2760
2743
2761
2744
2762
2745
2763
2746
2764
2747
2765
2748
2766
2749
2767
2750
2768
2769
3276
2752
2770
2753
2771
2754
2772
2755
2773
2756
2774
2757
2775
2758
2776
2759
2777
2760
2778
2761
2779
2762
2780
2763
2781
2764
2782
2765
2783
2766
2784
2767
2785
2768
2786
2769
2787
2788
3274
2771
2789
2772
2790
2773
2791
2774
2792
2775
2793
2776
2794
2777
2795
2778
2796
2779
2797
2780
2798
2781
2799
2782
2800
2783
2801
2784
2802
2785
2803
2786
2804
2787
2805
2788
2806
2807
3272
2790
2808
2791
2809
2792
2810
2793
2811
2794
2812
2795
2813
2796
2814
2797
2815
2798
2816
2799
2817
2800
2818
2801
2819
2802
2820
2803
2821
2804
2822
2805
2823
2806
2824
2807
2825
2826
3270
2809
2827
2810
2828
2811
2829
2812
2830
2813
2831
2814
2832
2815
2833
2816
2834
2817
2835
2818
2836
2819
2837
2820
2838
2821
2839
2822
2840
2823
2841
2824
2842
2825
2843
2826
2844
2845
3268
2828
2846
2829
2847
2830
2848
2831
2849
2832
2850
2833
2851
2834
2852
2835
2853
2836
2854
2837
2855
2838
2856
2839
2857
2840
2858
2841
2859
2842
2860
2843
2861
2844
2862
2845
2863
2864
3266
2847
2865
2848
2866
2849
2867
2850
2868
2851
2869
2852
2870
2853
2871
2854
2872
2855
2873
2856
2874
2857
2875
2858
2876
2859
2877
2860
2878
2861
2879
2862
2880
2863
2881
2864
2882
2883
3264
2866
2884
2867
2885
2868
2886
2869
2887
2870
2888
2871
2889
2872
2890
2873
2891
2874
2892
2875
2893
2876
2894
2877
2895
2878
2896
2879
2897
2880
2898
2881
2899
2882
2900
2883
2901
2902
3262
2885
2903
2886
2904
2887
2905
2888
2906
2889
2907
2890
2908
2891
2909
2892
2910
2893
2911
2894
2912
2895
2913
2896
2914
2897
2915
2898
2916
2899
2917
2900
2918
2901
2919
2902
2920
2921
3260
2904
2922
2905
2923
2906
2924
2907
2925
2908
2926
2909
2927
2910
2928
2911
2929
2912
2930
2913
2931
2914
2932
2915
2933
2916
2934
2917
2935
2918
2936
2919
2937
2920
2938
2921
2939
2940
3258
2923
2941
2924
2942
2925
2943
2926
2944
2927
2945
2928
2946
2929
2947
2930
2948
2931
2949
2932
2950
2933
2951
2934
2952
2935
2953
2936
2954
2937
2955
2938
2956
2939
2957
2940
2958
2959
3256
2942
2960
2943
2961
2944
2962
2945
2963
2946
2964
2947
2965
2948
2966
2949
2967
2950
2968
2951
2969
2952
2970
2953
2971
2954
2972
2955
2973
2956
2974
2957
2975
2958
2976
2959
2977
2978
3254
2961
2979
2962
2980
2963
2981
2964
2982
2965
2983
2966
2984
2967
2985
2968
2986
2969
2987
2970
2988
2971
2989
2972
2990
2973
2991
2974
2992
2975
2993
2976
2994
2977
2995
2978
2996
2997
3252
2980
2998
2981
2999
2982
3000
2983
3001
2984
3002
2985
3003
2986
3004
2987
3005
2988
3006
2989
3007
2990
3008
2991
3009
2992
3010
2993
3011
2994
3012
2995
3013
2996
3014
2997
3015
3016
3250
2999
3017
3000
3018
3001
3019
3002
3020
3003
3021
3004
3022
3005
3023
3006
3024
3007
3025
3008
3026
3009
3027
3010
3028
3011
3029
3012
3030
3013
3031
3014
3032
3015
3033
3016
3034
3035
3248
3018
3036
3019
3037
3020
3038
3021
3039
3022
3040
3023
3041
3024
3042
3025
3043
3026
3044
3027
3045
3028
3046
3029
3047
3030
3048
3031
3049
3032
3050
3033
3051
3034
3052
3035
3053
3054
3246
3037
3055
3038
3056
3039
3057
3040
3058
3041
3059
3042
3060
3043
3061
3044
3062
3045
3063
3046
3064
3047
3065
3048
3066
3049
3067
3050
3068
3051
3069
3052
3070
3053
3071
3054
3072
3073
3244
3056
3074
3057
3075
3058
3076
3059
3077
3060
3078
3061
3079
3062
3080
3063
3081
3064
3082
3065
3083
3066
3084
3067
3085
3068
3086
3069
3087
3070
3088
3071
3089
3072
3090
3073
3091
3092
3242
3075
3093
3076
3094
3077
3095
3078
3096
3079
3097
3080
3098
3081
3099
3082
3100
3083
3101
3084
3102
3085
3103
3086
3104
3087
3105
3088
3106
3089
3107
3090
3108
3091
3109
3092
3110
3111
3240
3094
3112
3095
3113
3096
3114
3097
3115
3098
3116
3099
3117
3100
3118
3101
3119
3102
3120
3103
3121
3104
3122
3105
3123
3106
3124
3107
3125
3108
3126
3109
3127
3110
3128
3111
3129
3130
3238
3113
3131
3114
3132
3115
3133
3116
3134
3117
3135
3118
3136
3119
3137
3120
3138
3121
3139
3122
3140
3123
3141
3124
3142
3125
3143
3126
3144
3127
3145
3128
3146
3129
3147
3130
3148
3149
3236
3132
3150
3133
3151
3134
3152
3135
3153
3136
3154
3137
3155
3138
3156
3139
3157
3140
3158
3141
3159
3142
3160
3143
3161
3144
3162
3145
3163
3146
3164
3147
3165
3148
3166
3149
3167
3168
3234
3151
3169
3152
3170
3153
3171
3154
3172
3155
3173
3156
3174
3157
3175
3158
3176
3159
3177
3160
3178
3161
3179
3162
3180
3163
3181
3164
3182
3165
3183
3166
3184
3167
3185
3168
3186
3187
3232
3170
3188
3171
3189
3172
3190
3173
3191
3174
3192
3175
3193
3176
3194
3177
3195
3178
3196
3179
3197
3180
3198
3181
3199
3182
3200
3183
3201
3184
3202
3185
3203
3186
3204
3187
3205
3206
3230
3189
3207
3190
3208
3191
3209
3192
3210
3193
3211
3194
3212
3195
3213
3196
3214
3197
3215
3198
3216
3199
3217
3200
3218
3201
3219
3202
3220
3203
3221
3204
3222
3205
3223
3206
3224
3225
3228
3208
5402
3209
5368
3210
5334
3211
5300
3212
5266
3213
5232
3214
5198
3215
5164
3216
5130
3217
5096
3218
5062
3219
5028
3220
4994
3221
4960
3222
4926
3223
4892
3224
4858
3225
4824
3226
4790
3227
3228
4756
3229
4722
3229
3230
3231
3231
3232
3233
3233
3234
3235
3235
3236
3237
3237
3238
3239
3239
3240
3241
3241
3242
3243
3243
3244
3245
3245
3246
3247
3247
3248
3249
3249
3250
3251
3251
3252
3253
3253
3254
3255
3255
3256
3257
3257
3258
3259
3259
3260
3261
3261
3262
3263
3263
3264
3265
3265
3266
3267
3267
3268
3269
3269
3270
3271
3271
3272
3273
3273
3274
3275
3275
3276
3277
3277
3278
3279
3279
3280
3281
3281
3282
3283
3283
3284
3285
3285
3286
3287
3287
3288
3289
3289
3290
3291
3291
3292
3293
3293
4688
4654
3295
3296
4687
3297
3362
4721
3297
3298
3299
3381
3299
3300
3301
3400
3301
3302
3303
3419
3303
3304
3305
3438
3305
3306
3307
3457
3307
3308
3309
3476
3309
3310
3311
3495
3311
3312
3313
3514
3313
3314
3315
3533
3315
3316
3317
3552
3317
3318
3319
3571
3319
3320
3321
3590
3321
3322
3323
3609
3323
3324
3325
3628
3325
3326
3327
3647
3327
3328
3329
3666
3329
3330
3331
3685
3331
3332
3333
3704
3333
3334
3335
3723
3335
3336
3337
3742
3337
3338
3339
3761
3339
3340
3341
3780
3341
3342
3343
3799
3343
3344
3345
3818
3345
3346
3347
3837
3347
3348
3349
3856
3349
3350
3351
3875
3351
3352
3353
3894
3353
3354
3355
3913
3355
3356
3357
3932
3357
3358
3359
3951
3359
3360
3361
3970
3361
4755
3989
4789
3363
3381
4041
3364
3382
4075
3365
3383
4109
3366
3384
4143
3367
3385
4177
3368
3386
4211
3369
3387
4245
3370
3388
4279
3371
3389
4313
3372
3390
4347
3373
3391
4381
3374
3392
4415
3375
3393
4449
3376
3394
4483
3377
3395
4517
3378
3396
4551
3379
3397
4585
3380
3398
4619
3399
4653
5436
3382
3400
3383
3401
3384
3402
3385
3403
3386
3404
3387
3405
3388
3406
3389
3407
3390
3408
3391
3409
3392
3410
3393
3411
3394
3412
3395
3413
3396
3414
3397
3415
3398
3416
3399
3417
3418
5462
3401
3419
3402
3420
3403
3421
3404
3422
3405
3423
3406
3424
3407
3425
3408
3426
3409
3427
3410
3428
3411
3429
3412
3430
3413
3431
3414
3432
3415
3433
3416
3434
3417
3435
3418
3436
3437
5488
3420
3438
3421
3439
3422
3440
3423
3441
3424
3442
3425
3443
3426
3444
3427
3445
3428
3446
3429
3447
3430
3448
3431
3449
3432
3450
3433
3451
3434
3452
3435
3453
3436
3454
3437
3455
3456
5514
3439
3457
3440
3458
3441
3459
3442
3460
3443
3461
3444
3462
3445
3463
3446
3464
3447
3465
3448
3466
3449
3467
3450
3468
3451
3469
3452
3470
3453
3471
3454
3472
3455
3473
3456
3474
3475
5540
3458
3476
3459
3477
3460
3478
3461
3479
3462
3480
3463
3481
3464
3482
3465
3483
3466
3484
3467
3485
3468
3486
3469
3487
3470
3488
3471
3489
3472
3490
3473
3491
3474
3492
3475
3493
3494
5566
3477
3495
3478
3496
3479
3497
3480
3498
3481
3499
3482
3500
3483
3501
3484
3502
3485
3503
3486
3504
3487
3505
3488
3506
3489
3507
3490
3508
3491
3509
3492
3510
3493
3511
3494
3512
3513
5592
3496
3514
3497
3515
3498
3516
3499
3517
3500
3518
3501
3519
3502
3520
3503
3521
3504
3522
3505
3523
3506
3524
3507
3525
3508
3526
3509
3527
3510
3528
3511
3529
3512
3530
3513
3531
3532
5618
3515
3533
3516
3534
3517
3535
3518
3536
3519
3537
3520
3538
3521
3539
3522
3540
3523
3541
3524
3542
3525
3543
3526
3544
3527
3545
3528
3546
3529
3547
3530
3548
3531
3549
3532
3550
3551
5644
3534
3552
3535
3553
3536
3554
3537
3555
3538
3556
3539
3557
3540
3558
3541
3559
3542
3560
3543
3561
3544
3562
3545
3563
3546
3564
3547
3565
3548
3566
3549
3567
3550
3568
3551
3569
3570
5670
3553
3571
3554
3572
3555
3573
3556
3574
3557
3575
3558
3576
3559
3577
3560
3578
3561
3579
3562
3580
3563
3581
3564
3582
3565
3583
3566
3584
3567
3585
3568
3586
3569
3587
3570
3588
3589
5696
3572
3590
3573
3591
3574
3592
3575
3593
3576
3594
3577
3595
3578
3596
3579
3597
3580
3598
3581
3599
3582
3600
3583
3601
3584
3602
3585
3603
3586
3604
3587
3605
3588
3606
3589
3607
3608
5722
3591
3609
3592
3610
3593
3611
3594
3612
3595
3613
3596
3614
3597
3615
3598
3616
3599
3617
3600
3618
3601
3619
3602
3620
3603
3621
3604
3622
3605
3623
3606
3624
3607
3625
3608
3626
3627
5748
3610
3628
3611
3629
3612
3630
3613
3631
3614
3632
3615
3633
3616
3634
3617
3635
3618
3636
3619
3637
3620
3638
3621
3639
3622
3640
3623
3641
3624
3642
3625
3643
3626
3644
3627
3645
3646
5774
3629
3647
3630
3648
3631
3649
3632
3650
3633
3651
3634
3652
3635
3653
3636
3654
3637
3655
3638
3656
3639
3657
3640
3658
3641
3659
3642
3660
3643
3661
3644
3662
3645
3663
3646
3664
3665
5800
3648
3666
3649
3667
3650
3668
3651
3669
3652
3670
3653
3671
3654
3672
3655
3673
3656
3674
3657
3675
3658
3676
3659
3677
3660
3678
3661
3679
3662
3680
3663
3681
3664
3682
3665
3683
3684
5826
3667
3685
3668
3686
3669
3687
3670
3688
3671
3689
3672
3690
3673
3691
3674
3692
3675
3693
3676
3694
3677
3695
3678
3696
3679
3697
3680
3698
3681
3699
3682
3700
3683
3701
3684
3702
3703
5852
3686
3704
3687
3705
3688
3706
3689
3707
3690
3708
3691
3709
3692
3710
3693
3711
3694
3712
3695
3713
3696
3714
3697
3715
3698
3716
3699
3717
3700
3718
3701
3719
3702
3720
3703
3721
3722
5878
3705
3723
3706
3724
3707
3725
3708
3726
3709
3727
3710
3728
3711
3729
3712
3730
3713
3731
3714
3732
3715
3733
3716
3734
3717
3735
3718
3736
3719
3737
3720
3738
3721
3739
3722
3740
3741
5904
3724
3742
3725
3743
3726
3744
3727
3745
3728
3746
3729
3747
3730
3748
3731
3749
3732
3750
3733
3751
3734
3752
3735
3753
3736
3754
3737
3755
3738
3756
3739
3757
3740
3758
3741
3759
3760
5930
3743
3761
3744
3762
3745
3763
3746
3764
3747
3765
3748
3766
3749
3767
3750
3768
3751
3769
3752
3770
3753
3771
3754
3772
3755
3773
3756
3774
3757
3775
3758
3776
3759
3777
3760
3778
3779
5956
3762
3780
3763
3781
3764
3782
3765
3783
3766
3784
3767
3785
3768
3786
3769
3787
3770
3788
3771
3789
3772
3790
3773
3791
3774
3792
3775
3793
3776
3794
3777
3795
3778
3796
3779
3797
3798
5982
3781
3799
3782
3800
3783
3801
3784
3802
3785
3803
3786
3804
3787
3805
3788
3806
3789
3807
3790
3808
3791
3809
3792
3810
3793
3811
3794
3812
3795
3813
3796
3814
3797
3815
3798
3816
3817
6008
3800
3818
3801
3819
3802
3820
3803
3821
3804
3822
3805
3823
3806
3824
3807
3825
3808
3826
3809
3827
3810
3828
3811
3829
3812
3830
3813
3831
3814
3832
3815
3833
3816
3834
3817
3835
3836
6034
3819
3837
3820
3838
3821
3839
3822
3840
3823
3841
3824
3842
3825
3843
3826
3844
3827
3845
3828
3846
3829
3847
3830
3848
3831
3849
3832
3850
3833
3851
3834
3852
3835
3853
3836
3854
3855
6060
3838
3856
3839
3857
3840
3858
3841
3859
3842
3860
3843
3861
3844
3862
3845
3863
3846
3864
3847
3865
3848
3866
3849
3867
3850
3868
3851
3869
3852
3870
3853
3871
3854
3872
3855
3873
3874
6086
3857
3875
3858
3876
3859
3877
3860
3878
3861
3879
3862
3880
3863
3881
3864
3882
3865
3883
3866
3884
3867
3885
3868
3886
3869
3887
3870
3888
3871
3889
3872
3890
3873
3891
3874
3892
3893
6112
3876
3894
3877
3895
3878
3896
3879
3897
3880
3898
3881
3899
3882
3900
3883
3901
3884
3902
3885
3903
3886
3904
3887
3905
3888
3906
3889
3907
3890
3908
3891
3909
3892
3910
3893
3911
3912
6138
3895
3913
3896
3914
3897
3915
3898
3916
3899
3917
3900
3918
3901
3919
3902
3920
3903
3921
3904
3922
3905
3923
3906
3924
3907
3925
3908
3926
3909
3927
3910
3928
3911
3929
3912
3930
3931
6164
3914
3932
3915
3933
3916
3934
3917
3935
3918
3936
3919
3937
3920
3938
3921
3939
3922
3940
3923
3941
3924
3942
3925
3943
3926
3944
3927
3945
3928
3946
3929
3947
3930
3948
3931
3949
3950
6190
3933
3951
3934
3952
3935
3953
3936
3954
3937
3955
3938
3956
3939
3957
3940
3958
3941
3959
3942
3960
3943
3961
3944
3962
3945
3963
3946
3964
3947
3965
3948
3966
3949
3967
3950
3968
3969
6216
3952
3970
3953
3971
3954
3972
3955
3973
3956
3974
3957
3975
3958
3976
3959
3977
3960
3978
3961
3979
3962
3980
3963
3981
3964
3982
3965
3983
3966
3984
3967
3985
3968
3986
3969
3987
3988
6242
3971
3989
3972
3990
3973
3991
3974
3992
3975
3993
3976
3994
3977
3995
3978
3996
3979
3997
3980
3998
3981
3999
3982
4000
3983
4001
3984
4002
3985
4003
3986
4004
3987
4005
3988
4006
4007
6268
3990
4823
3991
4857
3992
4891
3993
4925
3994
4959
3995
4993
3996
5027
3997
5061
3998
5095
3999
5129
4000
5163
4001
5197
4002
5231
4003
5265
4004
5299
4005
5333
4006
5367
4007
5401
5435
6294
4009
4042
4688
4010
4043
4689
4011
4044
4690
4012
4045
4691
4013
4046
4692
4014
4047
4693
4015
4048
4694
4016
4049
4695
4017
4050
4696
4018
4051
4697
4019
4052
4698
4020
4053
4699
4021
4054
4700
4022
4055
4701
4023
4056
4702
4024
4057
4703
4025
4058
4704
4026
4059
4705
4027
4060
4706
4028
4061
4707
4029
4062
4708
4030
4063
4709
4031
4064
4710
4032
4065
4711
4033
4066
4712
4034
4067
4713
4035
4068
4714
4036
4069
4715
4037
4070
4716
4038
4071
4717
4039
4072
4718
4040
4073
4719
4041
4074
4720
4075
4721
4043
4076
4044
4077
4045
4078
4046
4079
4047
4080
4048
4081
4049
4082
4050
4083
4051
4084
4052
4085
4053
4086
4054
4087
4055
4088
4056
4089
4057
4090
4058
4091
4059
4092
4060
4093
4061
4094
4062
4095
4063
4096
4064
4097
4065
4098
4066
4099
4067
4100
4068
4101
4069
4102
4070
4103
4071
4104
4072
4105
4073
4106
4074
4107
4075
4108
4109
4077
4110
4078
4111
4079
4112
4080
4113
4081
4114
4082
4115
4083
4116
4084
4117
4085
4118
4086
4119
4087
4120
4088
4121
4089
4122
4090
4123
4091
4124
4092
4125
4093
4126
4094
4127
4095
4128
4096
4129
4097
4130
4098
4131
4099
4132
4100
4133
4101
4134
4102
4135
4103
4136
4104
4137
4105
4138
4106
4139
4107
4140
4108
4141
4109
4142
4143
4111
4144
4112
4145
4113
4146
4114
4147
4115
4148
4116
4149
4117
4150
4118
4151
4119
4152
4120
4153
4121
4154
4122
4155
4123
4156
4124
4157
4125
4158
4126
4159
4127
4160
4128
4161
4129
4162
4130
4163
4131
4164
4132
4165
4133
4166
4134
4167
4135
4168
4136
4169
4137
4170
4138
4171
4139
4172
4140
4173
4141
4174
4142
4175
4143
4176
4177
4145
4178
4146
4179
4147
4180
4148
4181
4149
4182
4150
4183
4151
4184
4152
4185
4153
4186
4154
4187
4155
4188
4156
4189
4157
4190
4158
4191
4159
4192
4160
4193
4161
4194
4162
4195
4163
4196
4164
4197
4165
4198
4166
4199
4167
4200
4168
4201
4169
4202
4170
4203
4171
4204
4172
4205
4173
4206
4174
4207
4175
4208
4176
4209
4177
4210
4211
4179
4212
4180
4213
4181
4214
4182
4215
4183
4216
4184
4217
4185
4218
4186
4219
4187
4220
4188
4221
4189
4222
4190
4223
4191
4224
4192
4225
4193
4226
4194
4227
4195
4228
4196
4229
4197
4230
4198
4231
4199
4232
4200
4233
4201
4234
4202
4235
4203
4236
4204
4237
4205
4238
4206
4239
4207
4240
4208
4241
4209
4242
4210
4243
4211
4244
4245
4213
4246
4214
4247
4215
4248
4216
4249
4217
4250
4218
4251
4219
4252
4220
4253
4221
4254
4222
4255
4223
4256
4224
4257
4225
4258
4226
4259
4227
4260
4228
4261
4229
4262
4230
4263
4231
4264
4232
4265
4233
4266
4234
4267
4235
4268
4236
4269
4237
4270
4238
4271
4239
4272
4240
4273
4241
4274
4242
4275
4243
4276
4244
4277
4245
4278
4279
4247
4280
4248
4281
4249
4282
4250
4283
4251
4284
4252
4285
4253
4286
4254
4287
4255
4288
4256
4289
4257
4290
4258
4291
4259
4292
4260
4293
4261
4294
4262
4295
4263
4296
4264
4297
4265
4298
4266
4299
4267
4300
4268
4301
4269
4302
4270
4303
4271
4304
4272
4305
4273
4306
4274
4307
4275
4308
4276
4309
4277
4310
4278
4311
4279
4312
4313
4281
4314
4282
4315
4283
4316
4284
4317
4285
4318
4286
4319
4287
4320
4288
4321
4289
4322
4290
4323
4291
4324
4292
4325
4293
4326
4294
4327
4295
4328
4296
4329
4297
4330
4298
4331
4299
4332
4300
4333
4301
4334
4302
4335
4303
4336
4304
4337
4305
4338
4306
4339
4307
4340
4308
4341
4309
4342
4310
4343
4311
4344
4312
4345
4313
4346
4347
4315
4348
4316
4349
4317
4350
4318
4351
4319
4352
4320
4353
4321
4354
4322
4355
4323
4356
4324
4357
4325
4358
4326
4359
4327
4360
4328
4361
4329
4362
4330
4363
4331
4364
4332
4365
4333
4366
4334
4367
4335
4368
4336
4369
4337
4370
4338
4371
4339
4372
4340
4373
4341
4374
4342
4375
4343
4376
4344
4377
4345
4378
4346
4379
4347
4380
4381
4349
4382
4350
4383
4351
4384
4352
4385
4353
4386
4354
4387
4355
4388
4356
4389
4357
4390
4358
4391
4359
4392
4360
4393
4361
4394
4362
4395
4363
4396
4364
4397
4365
4398
4366
4399
4367
4400
4368
4401
4369
4402
4370
4403
4371
4404
4372
4405
4373
4406
4374
4407
4375
4408
4376
4409
4377
4410
4378
4411
4379
4412
4380
4413
4381
4414
4415
4383
4416
4384
4417
4385
4418
4386
4419
4387
4420
4388
4421
4389
4422
4390
4423
4391
4424
4392
4425
4393
4426
4394
4427
4395
4428
4396
4429
4397
4430
4398
4431
4399
4432
4400
4433
4401
4434
4402
4435
4403
4436
4404
4437
4405
4438
4406
4439
4407
4440
4408
4441
4409
4442
4410
4443
4411
4444
4412
4445
4413
4446
4414
4447
4415
4448
4449
4417
4450
4418
4451
4419
4452
4420
4453
4421
4454
4422
4455
4423
4456
4424
4457
4425
4458
4426
4459
4427
4460
4428
4461
4429
4462
4430
4463
4431
4464
4432
4465
4433
4466
4434
4467
4435
4468
4436
4469
4437
4470
4438
4471
4439
4472
4440
4473
4441
4474
4442
4475
4443
4476
4444
4477
4445
4478
4446
4479
4447
4480
4448
4481
4449
4482
4483
4451
4484
4452
4485
4453
4486
4454
4487
4455
4488
4456
4489
4457
4490
4458
4491
4459
4492
4460
4493
4461
4494
4462
4495
4463
4496
4464
4497
4465
4498
4466
4499
4467
4500
4468
4501
4469
4502
4470
4503
4471
4504
4472
4505
4473
4506
4474
4507
4475
4508
4476
4509
4477
4510
4478
4511
4479
4512
4480
4513
4481
4514
4482
4515
4483
4516
4517
4485
4518
4486
4519
4487
4520
4488
4521
4489
4522
4490
4523
4491
4524
4492
4525
4493
4526
4494
4527
4495
4528
4496
4529
4497
4530
4498
4531
4499
4532
4500
4533
4501
4534
4502
4535
4503
4536
4504
4537
4505
4538
4506
4539
4507
4540
4508
4541
4509
4542
4510
4543
4511
4544
4512
4545
4513
4546
4514
4547
4515
4548
4516
4549
4517
4550
4551
4519
4552
4520
4553
4521
4554
4522
4555
4523
4556
4524
4557
4525
4558
4526
4559
4527
4560
4528
4561
4529
4562
4530
4563
4531
4564
4532
4565
4533
4566
4534
4567
4535
4568
4536
4569
4537
4570
4538
4571
4539
4572
4540
4573
4541
4574
4542
4575
4543
4576
4544
4577
4545
4578
4546
4579
4547
4580
4548
4581
4549
4582
4550
4583
4551
4584
4585
4553
4586
4554
4587
4555
4588
4556
4589
4557
4590
4558
4591
4559
4592
4560
4593
4561
4594
4562
4595
4563
4596
4564
4597
4565
4598
4566
4599
4567
4600
4568
4601
4569
4602
4570
4603
4571
4604
4572
4605
4573
4606
4574
4607
4575
4608
4576
4609
4577
4610
4578
4611
4579
4612
4580
4613
4581
4614
4582
4615
4583
4616
4584
4617
4585
4618
4619
4587
4620
4588
4621
4589
4622
4590
4623
4591
4624
4592
4625
4593
4626
4594
4627
4595
4628
4596
4629
4597
4630
4598
4631
4599
4632
4600
4633
4601
4634
4602
4635
4603
4636
4604
4637
4605
4638
4606
4639
4607
4640
4608
4641
4609
4642
4610
4643
4611
4644
4612
4645
4613
4646
4614
4647
4615
4648
4616
4649
4617
4650
4618
4651
4619
4652
4653
4621
4622
4623
4624
4625
4626
4627
4628
4629
4630
4631
4632
4633
4634
4635
4636
4637
4638
4639
4640
4641
4642
4643
4644
4645
4646
4647
4648
4649
4650
4651
4652
4653
4655
4688
4656
4689
4657
4690
4658
4691
4659
4692
4660
4693
4661
4694
4662
4695
4663
4696
4664
4697
4665
4698
4666
4699
4667
4700
4668
4701
4669
4702
4670
4703
4671
4704
4672
4705
4673
4706
4674
4707
4675
4708
4676
4709
4677
4710
4678
4711
4679
4712
4680
4713
4681
4714
4682
4715
4683
4716
4684
4717
4685
4718
4686
4719
4687
4720
4721
4689
4690
4691
4692
4693
4694
4695
4696
4697
4698
4699
4700
4701
4702
4703
4704
4705
4706
4707
4708
4709
4710
4711
4712
4713
4714
4715
4716
4717
4718
4719
4720
4721
4723
4756
4724
4757
4725
4758
4726
4759
4727
4760
4728
4761
4729
4762
4730
4763
4731
4764
4732
4765
4733
4766
4734
4767
4735
4768
4736
4769
4737
4770
4738
4771
4739
4772
4740
4773
4741
4774
4742
4775
4743
4776
4744
4777
4745
4778
4746
4779
4747
4780
4748
4781
4749
4782
4750
4783
4751
4784
4752
4785
4753
4786
4754
4787
4755
4788
4789
4757
4790
4758
4791
4759
4792
4760
4793
4761
4794
4762
4795
4763
4796
4764
4797
4765
4798
4766
4799
4767
4800
4768
4801
4769
4802
4770
4803
4771
4804
4772
4805
4773
4806
4774
4807
4775
4808
4776
4809
4777
4810
4778
4811
4779
4812
4780
4813
4781
4814
4782
4815
4783
4816
4784
4817
4785
4818
4786
4819
4787
4820
4788
4821
4789
4822
4823
4791
4824
4792
4825
4793
4826
4794
4827
4795
4828
4796
4829
4797
4830
4798
4831
4799
4832
4800
4833
4801
4834
4802
4835
4803
4836
4804
4837
4805
4838
4806
4839
4807
4840
4808
4841
4809
4842
4810
4843
4811
4844
4812
4845
4813
4846
4814
4847
4815
4848
4816
4849
4817
4850
4818
4851
4819
4852
4820
4853
4821
4854
4822
4855
4823
4856
4857
4825
4858
4826
4859
4827
4860
4828
4861
4829
4862
4830
4863
4831
4864
4832
4865
4833
4866
4834
4867
4835
4868
4836
4869
4837
4870
4838
4871
4839
4872
4840
4873
4841
4874
4842
4875
4843
4876
4844
4877
4845
4878
4846
4879
4847
4880
4848
4881
4849
4882
4850
4883
4851
4884
4852
4885
4853
4886
4854
4887
4855
4888
4856
4889
4857
4890
4891
4859
4892
4860
4893
4861
4894
4862
4895
4863
4896
4864
4897
4865
4898
4866
4899
4867
4900
4868
4901
4869
4902
4870
4903
4871
4904
4872
4905
4873
4906
4874
4907
4875
4908
4876
4909
4877
4910
4878
4911
4879
4912
4880
4913
4881
4914
4882
4915
4883
4916
4884
4917
4885
4918
4886
4919
4887
4920
4888
4921
4889
4922
4890
4923
4891
4924
4925
4893
4926
4894
4927
4895
4928
4896
4929
4897
4930
4898
4931
4899
4932
4900
4933
4901
4934
4902
4935
4903
4936
4904
4937
4905
4938
4906
4939
4907
4940
4908
4941
4909
4942
4910
4943
4911
4944
4912
4945
4913
4946
4914
4947
4915
4948
4916
4949
4917
4950
4918
4951
4919
4952
4920
4953
4921
4954
4922
4955
4923
4956
4924
4957
4925
4958
4959
4927
4960
4928
4961
4929
4962
4930
4963
4931
4964
4932
4965
4933
4966
4934
4967
4935
4968
4936
4969
4937
4970
4938
4971
4939
4972
4940
4973
4941
4974
4942
4975
4943
4976
4944
4977
4945
4978
4946
4979
4947
4980
4948
4981
4949
4982
4950
4983
4951
4984
4952
4985
4953
4986
4954
4987
4955
4988
4956
4989
4957
4990
4958
4991
4959
4992
4993
4961
4994
4962
4995
4963
4996
4964
4997
4965
4998
4966
4999
4967
5000
4968
5001
4969
5002
4970
5003
4971
5004
4972
5005
4973
5006
4974
5007
4975
5008
4976
5009
4977
5010
4978
5011
4979
5012
4980
5013
4981
5014
4982
5015
4983
5016
4984
5017
4985
5018
4986
5019
4987
5020
4988
5021
4989
5022
4990
5023
4991
5024
4992
5025
4993
5026
5027
4995
5028
4996
5029
4997
5030
4998
5031
4999
5032
5000
5033
5001
5034
5002
5035
5003
5036
5004
5037
5005
5038
5006
5039
5007
5040
5008
5041
5009
5042
5010
5043
5011
5044
5012
5045
5013
5046
5014
5047
5015
5048
5016
5049
5017
5050
5018
5051
5019
5052
5020
5053
5021
5054
5022
5055
5023
5056
5024
5057
5025
5058
5026
5059
5027
5060
5061
5029
5062
5030
5063
5031
5064
5032
5065
5033
5066
5034
5067
5035
5068
5036
5069
5037
5070
5038
5071
5039
5072
5040
5073
5041
5074
5042
5075
5043
5076
5044
5077
5045
5078
5046
5079
5047
5080
5048
5081
5049
5082
5050
5083
5051
5084
5052
5085
5053
5086
5054
5087
5055
5088
5056
5089
5057
5090
5058
5091
5059
5092
5060
5093
5061
5094
5095
5063
5096
5064
5097
5065
5098
5066
5099
5067
5100
5068
5101
5069
5102
5070
5103
5071
5104
5072
5105
5073
5106
5074
5107
5075
5108
5076
5109
5077
5110
5078
5111
5079
5112
5080
5113
5081
5114
5082
5115
5083
5116
5084
5117
5085
5118
5086
5119
5087
5120
5088
5121
5089
5122
5090
5123
5091
5124
5092
5125
5093
5126
5094
5127
5095
5128
5129
5097
5130
5098
5131
5099
5132
5100
5133
5101
5134
5102
5135
5103
5136
5104
5137
5105
5138
5106
5139
5107
5140
5108
5141
5109
5142
5110
5143
5111
5144
5112
5145
5113
5146
5114
5147
5115
5148
5116
5149
5117
5150
5118
5151
5119
5152
5120
5153
5121
5154
5122
5155
5123
5156
5124
5157
5125
5158
5126
5159
5127
5160
5128
5161
5129
5162
5163
5131
5164
5132
5165
5133
5166
5134
5167
5135
5168
5136
5169
5137
5170
5138
5171
5139
5172
5140
5173
5141
5174
5142
5175
5143
5176
5144
5177
5145
5178
5146
5179
5147
5180
5148
5181
5149
5182
5150
5183
5151
5184
5152
5185
5153
5186
5154
5187
5155
5188
5156
5189
5157
5190
5158
5191
5159
5192
5160
5193
5161
5194
5162
5195
5163
5196
5197
5165
5198
5166
5199
5167
5200
5168
5201
5169
5202
5170
5203
5171
5204
5172
5205
5173
5206
5174
5207
5175
5208
5176
5209
5177
5210
5178
5211
5179
5212
5180
5213
5181
5214
5182
5215
5183
5216
5184
5217
5185
5218
5186
5219
5187
5220
5188
5221
5189
5222
5190
5223
5191
5224
5192
5225
5193
5226
5194
5227
5195
5228
5196
5229
5197
5230
5231
5199
5232
5200
5233
5201
5234
5202
5235
5203
5236
5204
5237
5205
5238
5206
5239
5207
5240
5208
5241
5209
5242
5210
5243
5211
5244
5212
5245
5213
5246
5214
5247
5215
5248
5216
5249
5217
5250
5218
5251
5219
5252
5220
5253
5221
5254
5222
5255
5223
5256
5224
5257
5225
5258
5226
5259
5227
5260
5228
5261
5229
5262
5230
5263
5231
5264
5265
5233
5266
5234
5267
5235
5268
5236
5269
5237
5270
5238
5271
5239
5272
5240
5273
5241
5274
5242
5275
5243
5276
5244
5277
5245
5278
5246
5279
5247
5280
5248
5281
5249
5282
5250
5283
5251
5284
5252
5285
5253
5286
5254
5287
5255
5288
5256
5289
5257
5290
5258
5291
5259
5292
5260
5293
5261
5294
5262
5295
5263
5296
5264
5297
5265
5298
5299
5267
5300
5268
5301
5269
5302
5270
5303
5271
5304
5272
5305
5273
5306
5274
5307
5275
5308
5276
5309
5277
5310
5278
5311
5279
5312
5280
5313
5281
5314
5282
5315
5283
5316
5284
5317
5285
5318
5286
5319
5287
5320
5288
5321
5289
5322
5290
5323
5291
5324
5292
5325
5293
5326
5294
5327
5295
5328
5296
5329
5297
5330
5298
5331
5299
5332
5333
5301
5334
5302
5335
5303
5336
5304
5337
5305
5338
5306
5339
5307
5340
5308
5341
5309
5342
5310
5343
5311
5344
5312
5345
5313
5346
5314
5347
5315
5348
5316
5349
5317
5350
5318
5351
5319
5352
5320
5353
5321
5354
5322
5355
5323
5356
5324
5357
5325
5358
5326
5359
5327
5360
5328
5361
5329
5362
5330
5363
5331
5364
5332
5365
5333
5366
5367
5335
5368
5336
5369
5337
5370
5338
5371
5339
5372
5340
5373
5341
5374
5342
5375
5343
5376
5344
5377
5345
5378
5346
5379
5347
5380
5348
5381
5349
5382
5350
5383
5351
5384
5352
5385
5353
5386
5354
5387
5355
5388
5356
5389
5357
5390
5358
5391
5359
5392
5360
5393
5361
5394
5362
5395
5363
5396
5364
5397
5365
5398
5366
5399
5367
5400
5401
5369
5402
5370
5403
5371
5404
5372
5405
5373
5406
5374
5407
5375
5408
5376
5409
5377
5410
5378
5411
5379
5412
5380
5413
5381
5414
5382
5415
5383
5416
5384
5417
5385
5418
5386
5419
5387
5420
5388
5421
5389
5422
5390
5423
5391
5424
5392
5425
5393
5426
5394
5427
5395
5428
5396
5429
5397
5430
5398
5431
5399
5432
5400
5433
5401
5434
5435
5403
5404
5405
5406
5407
5408
5409
5410
5411
5412
5413
5414
5415
5416
5417
5418
5419
5420
5421
5422
5423
5424
5425
5426
5427
5428
5429
5430
5431
5432
5433
5434
5435
5437
5462
5438
5463
5439
5464
5440
5465
5441
5466
5442
5467
5443
5468
5444
5469
5445
5470
5446
5471
5447
5472
5448
5473
5449
5474
5450
5475
5451
5476
5452
5477
5453
5478
5454
5479
5455
5480
5456
5481
5457
5482
5458
5483
5459
5484
5460
5485
5461
5486
5487
5463
5488
5464
5489
5465
5490
5466
5491
5467
5492
5468
5493
5469
5494
5470
5495
5471
5496
5472
5497
5473
5498
5474
5499
5475
5500
5476
5501
5477
5502
5478
5503
5479
5504
5480
5505
5481
5506
5482
5507
5483
5508
5484
5509
5485
5510
5486
5511
5487
5512
5513
5489
5514
5490
5515
5491
5516
5492
5517
5493
5518
5494
5519
5495
5520
5496
5521
5497
5522
5498
5523
5499
5524
5500
5525
5501
5526
5502
5527
5503
5528
5504
5529
5505
5530
5506
5531
5507
5532
5508
5533
5509
5534
5510
5535
5511
5536
5512
5537
5513
5538
5539
5515
5540
5516
5541
5517
5542
5518
5543
5519
5544
5520
5545
5521
5546
5522
5547
5523
5548
5524
5549
5525
5550
5526
5551
5527
5552
5528
5553
5529
5554
5530
5555
5531
5556
5532
5557
5533
5558
5534
5559
5535
5560
5536
5561
5537
5562
5538
5563
5539
5564
5565
5541
5566
5542
5567
5543
5568
5544
5569
5545
5570
5546
5571
5547
5572
5548
5573
5549
5574
5550
5575
5551
5576
5552
5577
5553
5578
5554
5579
5555
5580
5556
5581
5557
5582
5558
5583
5559
5584
5560
5585
5561
5586
5562
5587
5563
5588
5564
5589
5565
5590
5591
5567
5592
5568
5593
5569
5594
5570
5595
5571
5596
5572
5597
5573
5598
5574
5599
5575
5600
5576
5601
5577
5602
5578
5603
5579
5604
5580
5605
5581
5606
5582
5607
5583
5608
5584
5609
5585
5610
5586
5611
5587
5612
5588
5613
5589
5614
5590
5615
5591
5616
5617
5593
5618
5594
5619
5595
5620
5596
5621
5597
5622
5598
5623
5599
5624
5600
5625
5601
5626
5602
5627
5603
5628
5604
5629
5605
5630
5606
5631
5607
5632
5608
5633
5609
5634
5610
5635
5611
5636
5612
5637
5613
5638
5614
5639
5615
5640
5616
5641
5617
5642
5643
5619
5644
5620
5645
5621
5646
5622
5647
5623
5648
5624
5649
5625
5650
5626
5651
5627
5652
5628
5653
5629
5654
5630
5655
5631
5656
5632
5657
5633
5658
5634
5659
5635
5660
5636
5661
5637
5662
5638
5663
5639
5664
5640
5665
5641
5666
5642
5667
5643
5668
5669
5645
5670
5646
5671
5647
5672
5648
5673
5649
5674
5650
5675
5651
5676
5652
5677
5653
5678
5654
5679
5655
5680
5656
5681
5657
5682
5658
5683
5659
5684
5660
5685
5661
5686
5662
5687
5663
5688
5664
5689
5665
5690
5666
5691
5667
5692
5668
5693
5669
5694
5695
5671
5696
5672
5697
5673
5698
5674
5699
5675
5700
5676
5701
5677
5702
5678
5703
5679
5704
5680
5705
5681
5706
5682
5707
5683
5708
5684
5709
5685
5710
5686
5711
5687
5712
5688
5713
5689
5714
5690
5715
5691
5716
5692
5717
5693
5718
5694
5719
5695
5720
5721
5697
5722
5698
5723
5699
5724
5700
5725
5701
5726
5702
5727
5703
5728
5704
5729
5705
5730
5706
5731
5707
5732
5708
5733
5709
5734
5710
5735
5711
5736
5712
5737
5713
5738
5714
5739
5715
5740
5716
5741
5717
5742
5718
5743
5719
5744
5720
5745
5721
5746
5747
5723
5748
5724
5749
5725
5750
5726
5751
5727
5752
5728
5753
5729
5754
5730
5755
5731
5756
5732
5757
5733
5758
5734
5759
5735
5760
5736
5761
5737
5762
5738
5763
5739
5764
5740
5765
5741
5766
5742
5767
5743
5768
5744
5769
5745
5770
5746
5771
5747
5772
5773
5749
5774
5750
5775
5751
5776
5752
5777
5753
5778
5754
5779
5755
5780
5756
5781
5757
5782
5758
5783
5759
5784
5760
5785
5761
5786
5762
5787
5763
5788
5764
5789
5765
5790
5766
5791
5767
5792
5768
5793
5769
5794
5770
5795
5771
5796
5772
5797
5773
5798
5799
5775
5800
5776
5801
5777
5802
5778
5803
5779
5804
5780
5805
5781
5806
5782
5807
5783
5808
5784
5809
5785
5810
5786
5811
5787
5812
5788
5813
5789
5814
5790
5815
5791
5816
5792
5817
5793
5818
5794
5819
5795
5820
5796
5821
5797
5822
5798
5823
5799
5824
5825
5801
5826
5802
5827
5803
5828
5804
5829
5805
5830
5806
5831
5807
5832
5808
5833
5809
5834
5810
5835
5811
5836
5812
5837
5813
5838
5814
5839
5815
5840
5816
5841
5817
5842
5818
5843
5819
5844
5820
5845
5821
5846
5822
5847
5823
5848
5824
5849
5825
5850
5851
5827
5852
5828
5853
5829
5854
5830
5855
5831
5856
5832
5857
5833
5858
5834
5859
5835
5860
5836
5861
5837
5862
5838
5863
5839
5864
5840
5865
5841
5866
5842
5867
5843
5868
5844
5869
5845
5870
5846
5871
5847
5872
5848
5873
5849
5874
5850
5875
5851
5876
5877
5853
5878
5854
5879
5855
5880
5856
5881
5857
5882
5858
5883
5859
5884
5860
5885
5861
5886
5862
5887
5863
5888
5864
5889
5865
5890
5866
5891
5867
5892
5868
5893
5869
5894
5870
5895
5871
5896
5872
5897
5873
5898
5874
5899
5875
5900
5876
5901
5877
5902
5903
5879
5904
5880
5905
5881
5906
5882
5907
5883
5908
5884
5909
5885
5910
5886
5911
5887
5912
5888
5913
5889
5914
5890
5915
5891
5916
5892
5917
5893
5918
5894
5919
5895
5920
5896
5921
5897
5922
5898
5923
5899
5924
5900
5925
5901
5926
5902
5927
5903
5928
5929
5905
5930
5906
5931
5907
5932
5908
5933
5909
5934
5910
5935
5911
5936
5912
5937
5913
5938
5914
5939
5915
5940
5916
5941
5917
5942
5918
5943
5919
5944
5920
5945
5921
5946
5922
5947
5923
5948
5924
5949
5925
5950
5926
5951
5927
5952
5928
5953
5929
5954
5955
5931
5956
5932
5957
5933
5958
5934
5959
5935
5960
5936
5961
5937
5962
5938
5963
5939
5964
5940
5965
5941
5966
5942
5967
5943
5968
5944
5969
5945
5970
5946
5971
5947
5972
5948
5973
5949
5974
5950
5975
5951
5976
5952
5977
5953
5978
5954
5979
5955
5980
5981
5957
5982
5958
5983
5959
5984
5960
5985
5961
5986
5962
5987
5963
5988
5964
5989
5965
5990
5966
5991
5967
5992
5968
5993
5969
5994
5970
5995
5971
5996
5972
5997
5973
5998
5974
5999
5975
6000
5976
6001
5977
6002
5978
6003
5979
6004
5980
6005
5981
6006
6007
5983
6008
5984
6009
5985
6010
5986
6011
5987
6012
5988
6013
5989
6014
5990
6015
5991
6016
5992
6017
5993
6018
5994
6019
5995
6020
5996
6021
5997
6022
5998
6023
5999
6024
6000
6025
6001
6026
6002
6027
6003
6028
6004
6029
6005
6030
6006
6031
6007
6032
6033
6009
6034
6010
6035
6011
6036
6012
6037
6013
6038
6014
6039
6015
6040
6016
6041
6017
6042
6018
6043
6019
6044
6020
6045
6021
6046
6022
6047
6023
6048
6024
6049
6025
6050
6026
6051
6027
6052
6028
6053
6029
6054
6030
6055
6031
6056
6032
6057
6033
6058
6059
6035
6060
6036
6061
6037
6062
6038
6063
6039
6064
6040
6065
6041
6066
6042
6067
6043
6068
6044
6069
6045
6070
6046
6071
6047
6072
6048
6073
6049
6074
6050
6075
6051
6076
6052
6077
6053
6078
6054
6079
6055
6080
6056
6081
6057
6082
6058
6083
6059
6084
6085
6061
6086
6062
6087
6063
6088
6064
6089
6065
6090
6066
6091
6067
6092
6068
6093
6069
6094
6070
6095
6071
6096
6072
6097
6073
6098
6074
6099
6075
6100
6076
6101
6077
6102
6078
6103
6079
6104
6080
6105
6081
6106
6082
6107
6083
6108
6084
6109
6085
6110
6111
6087
6112
6088
6113
6089
6114
6090
6115
6091
6116
6092
6117
6093
6118
6094
6119
6095
6120
6096
6121
6097
6122
6098
6123
6099
6124
6100
6125
6101
6126
6102
6127
6103
6128
6104
6129
6105
6130
6106
6131
6107
6132
6108
6133
6109
6134
6110
6135
6111
6136
6137
6113
6138
6114
6139
6115
6140
6116
6141
6117
6142
6118
6143
6119
6144
6120
6145
6121
6146
6122
6147
6123
6148
6124
6149
6125
6150
6126
6151
6127
6152
6128
6153
6129
6154
6130
6155
6131
6156
6132
6157
6133
6158
6134
6159
6135
6160
6136
6161
6137
6162
6163
6139
6164
6140
6165
6141
6166
6142
6167
6143
6168
6144
6169
6145
6170
6146
6171
6147
6172
6148
6173
6149
6174
6150
6175
6151
6176
6152
6177
6153
6178
6154
6179
6155
6180
6156
6181
6157
6182
6158
6183
6159
6184
6160
6185
6161
6186
6162
6187
6163
6188
6189
6165
6190
6166
6191
6167
6192
6168
6193
6169
6194
6170
6195
6171
6196
6172
6197
6173
6198
6174
6199
6175
6200
6176
6201
6177
6202
6178
6203
6179
6204
6180
6205
6181
6206
6182
6207
6183
6208
6184
6209
6185
6210
6186
6211
6187
6212
6188
6213
6189
6214
6215
6191
6216
6192
6217
6193
6218
6194
6219
6195
6220
6196
6221
6197
6222
6198
6223
6199
6224
6200
6225
6201
6226
6202
6227
6203
6228
6204
6229
6205
6230
6206
6231
6207
6232
6208
6233
6209
6234
6210
6235
6211
6236
6212
6237
6213
6238
6214
6239
6215
6240
6241
6217
6242
6218
6243
6219
6244
6220
6245
6221
6246
6222
6247
6223
6248
6224
6249
6225
6250
6226
6251
6227
6252
6228
6253
6229
6254
6230
6255
6231
6256
6232
6257
6233
6258
6234
6259
6235
6260
6236
6261
6237
6262
6238
6263
6239
6264
6240
6265
6241
6266
6267
6243
6268
6244
6269
6245
6270
6246
6271
6247
6272
6248
6273
6249
6274
6250
6275
6251
6276
6252
6277
6253
6278
6254
6279
6255
6280
6256
6281
6257
6282
6258
6283
6259
6284
6260
6285
6261
6286
6262
6287
6263
6288
6264
6289
6265
6290
6266
6291
6267
6292
6293
6269
6294
6270
6295
6271
6296
6272
6297
6273
6298
6274
6299
6275
6300
6276
6301
6277
6302
6278
6303
6279
6304
6280
6305
6281
6306
6282
6307
6283
6308
6284
6309
6285
6310
6286
6311
6287
6312
6288
6313
6289
6314
6290
6315
6291
6316
6292
6317
6293
6318
6319
6295
6296
6297
6298
6299
6300
6301
6302
6303
6304
6305
6306
6307
6308
6309
6310
6311
6312
6313
6314
6315
6316
6317
6318
6319
)


// ************************************************************************* //
