/*--------------------------------*- C++ -*----------------------------------*\
| =========                 |                                                 |
| \\      /  F ield         | OpenFOAM: The Open Source CFD Toolbox           |
|  \\    /   O peration     | Version:  2412                                  |
|   \\  /    A nd           | Website:  www.openfoam.com                      |
|    \\/     M anipulation  |                                                 |
\*---------------------------------------------------------------------------*/
FoamFile
{
    version     2.0;
    format      ascii;
    arch        "LSB;label=32;scalar=64";
    class       volScalarField;
    location    "1500";
    object      p;
}
// * * * * * * * * * * * * * * * * * * * * * * * * * * * * * * * * * * * * * //

dimensions      [0 2 -2 0 0 0 0];

internalField   nonuniform List<scalar> 
8896
(
0.542628
0.544763
0.550111
0.557843
0.56652
0.574348
0.578261
0.573476
0.551524
0.503963
0.498306
0.498919
0.500413
0.502022
0.502276
0.499116
0.489302
0.468341
0.427837
0.358888
0.453207
0.45262
0.451046
0.447811
0.44162
0.430478
0.411437
0.38073
0.332569
0.263264
0.408724
0.407269
0.403303
0.396372
0.385479
0.368876
0.344083
0.308208
0.256845
0.18687
0.365969
0.363883
0.35819
0.348653
0.334611
0.314631
0.286749
0.248854
0.198145
0.133527
0.325724
0.323211
0.316364
0.305134
0.289175
0.26739
0.238287
0.200428
0.151953
0.0922218
0.288517
0.285746
0.278201
0.265991
0.249047
0.226578
0.197505
0.160904
0.115746
0.0621519
0.254675
0.251772
0.243868
0.231204
0.213937
0.19154
0.163268
0.128586
0.086952
0.0386462
0.224368
0.221419
0.213396
0.200636
0.183479
0.161616
0.13456
0.102061
0.0639709
0.0208533
0.197658
0.194718
0.186722
0.174085
0.157289
0.136198
0.110523
0.0802154
0.0453361
0.00642629
0.174541
0.171635
0.163736
0.151322
0.134991
0.114743
0.0904374
0.0621665
0.0301963
-0.00476179
0.154977
0.152107
0.144308
0.132128
0.116258
0.0967941
0.0736957
0.047155
0.0174802
-0.0148102
0.138927
0.136069
0.128294
0.116274
0.100806
0.0820472
0.0600196
0.0349704
0.00738753
-0.0218943
0.126385
0.123492
0.115609
0.103546
0.0881871
0.0697495
0.0483077
0.0241517
-0.00236961
-0.0309129
0.117427
0.114253
0.10624
0.094325
0.0792652
0.0612746
0.0404777
0.017166
-0.00805524
-0.0341985
0.112496
0.107957
0.0987297
0.0860313
0.0704357
0.0520912
0.0311162
0.00777118
-0.0177644
-0.0453406
0.453956
0.419422
0.381997
0.344621
0.303887
0.257906
0.206882
0.151244
0.091023
0.0262028
-0.0430112
-0.116247
-0.193036
-0.272817
-0.354911
-0.438533
-0.522804
-0.606781
-0.689483
-0.769923
-0.847138
-0.920222
-0.988359
-1.05085
-1.10711
-1.15674
-1.19948
-1.23428
-1.26091
-1.27998
-1.29186
-1.29668
-1.29464
-1.28614
-1.27164
-1.25165
-1.2267
-1.19739
-1.16428
-1.12816
-1.09003
-1.05054
-1.00987
-0.968464
0.280107
0.240836
0.20395
0.167625
0.128044
0.0861673
0.0423009
-0.0037982
-0.052199
-0.102733
-0.15517
-0.209286
-0.264828
-0.321466
-0.378806
-0.436422
-0.493863
-0.550659
-0.606327
-0.660378
-0.712332
-0.761721
-0.80816
-0.851241
-0.890632
-0.925751
-0.956951
-0.984412
-1.00799
-1.02682
-1.04094
-1.05065
-1.05605
-1.05722
-1.05428
-1.04739
-1.03675
-1.02257
-1.00503
-0.984359
-0.96038
-0.933221
-0.903172
-0.870859
0.201376
0.171599
0.142589
0.114125
0.0839085
0.051464
0.0172622
-0.0184339
-0.0556087
-0.0942219
-0.134136
-0.175152
-0.217039
-0.259552
-0.302437
-0.345416
-0.388195
-0.430467
-0.471918
-0.512233
-0.551104
-0.58824
-0.623358
-0.656219
-0.68657
-0.714324
-0.738955
-0.760801
-0.779657
-0.795279
-0.807646
-0.816852
-0.822975
-0.826088
-0.826295
-0.82374
-0.818598
-0.811048
-0.80132
-0.789465
-0.775507
-0.759673
-0.742463
-0.724009
0.124445
0.0966764
0.0703576
0.0446888
0.0177448
-0.0107158
-0.0401723
-0.0703519
-0.101236
-0.132788
-0.164885
-0.19737
-0.230099
-0.262934
-0.295728
-0.328314
-0.360515
-0.392153
-0.423051
-0.453031
-0.481924
-0.509557
-0.53571
-0.56017
-0.582761
-0.603242
-0.6216
-0.638293
-0.653264
-0.666512
-0.677451
-0.686075
-0.692556
-0.696958
-0.699282
-0.699556
-0.697841
-0.694207
-0.688728
-0.681471
-0.672524
-0.661911
-0.64986
-0.635821
0.0822203
0.0601214
0.0388721
0.0180766
-0.00349321
-0.0260118
-0.0491534
-0.0727431
-0.0967684
-0.121207
-0.145984
-0.171003
-0.19617
-0.221389
-0.246546
-0.271518
-0.296185
-0.320427
-0.344122
-0.367149
-0.389387
-0.410723
-0.431046
-0.450264
-0.468286
-0.485055
-0.500435
-0.514301
-0.526837
-0.537968
-0.547562
-0.555584
-0.562059
-0.567015
-0.570477
-0.572479
-0.573067
-0.572298
-0.570241
-0.566965
-0.562553
-0.55708
-0.550612
-0.542919
0.0455173
0.0261025
0.00754927
-0.0106274
-0.0293765
-0.0487823
-0.0685734
-0.0886101
-0.108874
-0.129339
-0.149937
-0.170589
-0.19122
-0.211754
-0.232115
-0.252226
-0.272013
-0.291395
-0.310292
-0.328628
-0.346324
-0.36331
-0.379516
-0.394877
-0.40933
-0.422829
-0.435269
-0.446494
-0.456546
-0.465504
-0.473586
-0.480675
-0.486561
-0.491246
-0.494795
-0.497233
-0.498567
-0.498815
-0.498005
-0.496168
-0.49334
-0.48955
-0.484855
-0.479177
0.0228329
0.006873
-0.00851697
-0.0236346
-0.0391004
-0.0549664
-0.0710488
-0.0872536
-0.103569
-0.119976
-0.136431
-0.152882
-0.169282
-0.185582
-0.201733
-0.217682
-0.233371
-0.248743
-0.263745
-0.278323
-0.292425
-0.306
-0.318999
-0.331379
-0.343096
-0.354112
-0.364394
-0.373918
-0.382668
-0.390629
-0.397784
-0.404106
-0.409586
-0.414226
-0.418036
-0.421026
-0.423209
-0.424604
-0.425234
-0.425128
-0.424319
-0.422832
-0.420725
-0.417907
0.00373912
-0.0101404
-0.0235138
-0.0366778
-0.0501022
-0.0638069
-0.0776458
-0.0915474
-0.1055
-0.119487
-0.13347
-0.147408
-0.161261
-0.17499
-0.188556
-0.201918
-0.215036
-0.227871
-0.240385
-0.25254
-0.264298
-0.275623
-0.286481
-0.296841
-0.306671
-0.315946
-0.324639
-0.332728
-0.340196
-0.347024
-0.353218
-0.358713
-0.363571
-0.367789
-0.371344
-0.374231
-0.376461
-0.378044
-0.378988
-0.379306
-0.379012
-0.378116
-0.376649
-0.374549
-0.00900764
-0.0207066
-0.0320682
-0.0432767
-0.0546415
-0.0661728
-0.0777693
-0.0893808
-0.100998
-0.112606
-0.12418
-0.13569
-0.147108
-0.158409
-0.169565
-0.180549
-0.191333
-0.201888
-0.212185
-0.222198
-0.231901
-0.241269
-0.250277
-0.258903
-0.267126
-0.274927
-0.282289
-0.289196
-0.295635
-0.301596
-0.307069
-0.312049
-0.316531
-0.320514
-0.323994
-0.326976
-0.329464
-0.331467
-0.332993
-0.334054
-0.334665
-0.334836
-0.334599
-0.333887
-0.0203621
-0.0307007
-0.0407177
-0.0506089
-0.0606186
-0.0707427
-0.0808983
-0.0910466
-0.10118
-0.111286
-0.121344
-0.131328
-0.141218
-0.150991
-0.160626
-0.1701
-0.179392
-0.188479
-0.197343
-0.205962
-0.214317
-0.222388
-0.230157
-0.237607
-0.244722
-0.251487
-0.257888
-0.263914
-0.269553
-0.274797
-0.279637
-0.284068
-0.288084
-0.291684
-0.294864
-0.297625
-0.299968
-0.301895
-0.30341
-0.304516
-0.30522
-0.305525
-0.305445
-0.304939
-0.0277725
-0.0366298
-0.0453313
-0.0539471
-0.0626225
-0.0713599
-0.0801061
-0.0888325
-0.0975306
-0.10619
-0.114794
-0.123324
-0.131765
-0.1401
-0.148314
-0.15639
-0.164312
-0.172063
-0.179628
-0.186991
-0.194138
-0.201054
-0.207727
-0.214143
-0.220292
-0.226162
-0.231743
-0.237027
-0.242005
-0.246671
-0.25102
-0.255047
-0.258748
-0.262123
-0.265169
-0.267886
-0.270277
-0.272344
-0.274089
-0.275518
-0.276639
-0.277457
-0.277989
-0.278192
-0.0365934
-0.0447456
-0.0526069
-0.0603795
-0.0682106
-0.0760777
-0.0839254
-0.0917324
-0.0994952
-0.107206
-0.11485
-0.122414
-0.129884
-0.137248
-0.144494
-0.151607
-0.158576
-0.165389
-0.172035
-0.178501
-0.184777
-0.190852
-0.196714
-0.202355
-0.207765
-0.212935
-0.217857
-0.222525
-0.226931
-0.23107
-0.234937
-0.238528
-0.241839
-0.244866
-0.247608
-0.250063
-0.252235
-0.254133
-0.255757
-0.257083
-0.258116
-0.258867
-0.25935
-0.259535
-0.0399347
-0.0469665
-0.0540601
-0.0610947
-0.0681091
-0.0751264
-0.0821302
-0.0891005
-0.0960265
-0.102899
-0.109709
-0.116444
-0.123093
-0.129646
-0.136094
-0.142425
-0.148629
-0.154697
-0.160618
-0.166384
-0.171985
-0.177413
-0.182661
-0.187723
-0.192592
-0.197259
-0.201719
-0.205966
-0.209996
-0.213807
-0.217395
-0.22076
-0.2239
-0.226812
-0.229484
-0.231915
-0.234105
-0.236057
-0.237764
-0.239235
-0.240458
-0.241448
-0.242224
-0.24276
-0.0504299
-0.0572745
-0.0636718
-0.070017
-0.0764279
-0.0828357
-0.0891859
-0.0954722
-0.101699
-0.107862
-0.113952
-0.119958
-0.125873
-0.131691
-0.137404
-0.143004
-0.148485
-0.153839
-0.159059
-0.164138
-0.169068
-0.173846
-0.178467
-0.182922
-0.187201
-0.191299
-0.195216
-0.198949
-0.202492
-0.205843
-0.208998
-0.211957
-0.214719
-0.217284
-0.219647
-0.221803
-0.223749
-0.225475
-0.226984
-0.228298
-0.229419
-0.230329
-0.231023
-0.231495
-0.0489002
-0.0551378
-0.0616698
-0.0680111
-0.074179
-0.08029
-0.0863647
-0.092378
-0.0983159
-0.104176
-0.109957
-0.115653
-0.121258
-0.126768
-0.132175
-0.137474
-0.14266
-0.147726
-0.152666
-0.157479
-0.162119
-0.166552
-0.170917
-0.175235
-0.179357
-0.183258
-0.186983
-0.19055
-0.193947
-0.197162
-0.200193
-0.203034
-0.205683
-0.20814
-0.210416
-0.212513
-0.214431
-0.216163
-0.217722
-0.219095
-0.220299
-0.221316
-0.222133
-0.222736
-0.0642943
-0.0702519
-0.0755303
-0.0808627
-0.0863293
-0.0917643
-0.0971006
-0.102358
-0.107556
-0.112689
-0.117747
-0.122725
-0.127618
-0.132424
-0.137135
-0.141747
-0.146256
-0.150656
-0.154942
-0.15911
-0.163157
-0.167078
-0.170873
-0.174533
-0.178049
-0.18142
-0.18465
-0.187735
-0.190671
-0.193457
-0.196087
-0.198566
-0.200861
-0.202942
-0.204851
-0.206638
-0.208308
-0.209851
-0.211259
-0.212536
-0.213688
-0.214719
-0.215636
-0.216434
-0.854782
-0.667556
-0.498367
-0.363337
-0.261494
-0.186034
-0.131066
-0.0915667
-0.0635867
-0.0438753
-0.030125
-0.0205737
-0.0139251
-0.00930195
-0.00601539
-0.00375861
-0.00224779
-0.00123406
-0.00055547
-0.000105958
0.000179143
0.000330167
0.000380806
0.00032079
0.000202772
-3.67175e-05
-0.779757
-0.629213
-0.489239
-0.376825
-0.289474
-0.219936
-0.164968
-0.123418
-0.0927565
-0.0701504
-0.0532116
-0.0405838
-0.0315388
-0.024647
-0.0189813
-0.0146393
-0.0114174
-0.00896233
-0.00701002
-0.00540966
-0.00408313
-0.00297829
-0.00204062
-0.00125794
-0.000567568
-0.000163522
-0.672087
-0.566777
-0.463481
-0.37336
-0.300415
-0.241023
-0.191095
-0.150452
-0.118578
-0.0943171
-0.0755063
-0.0607118
-0.0490849
-0.0399506
-0.0325568
-0.0264653
-0.0216149
-0.0177121
-0.0144484
-0.0116553
-0.00924089
-0.00713444
-0.00525414
-0.00358754
-0.00198855
-0.000783249
-0.595672
-0.523314
-0.447008
-0.371411
-0.30776
-0.255405
-0.2105
-0.171792
-0.139794
-0.114295
-0.0939943
-0.0775881
-0.064285
-0.0534832
-0.044564
-0.0371127
-0.030924
-0.0257431
-0.0213125
-0.0174589
-0.0140653
-0.0110412
-0.00826742
-0.00574894
-0.0032209
-0.00138795
-0.519514
-0.468573
-0.410046
-0.3515
-0.298261
-0.25271
-0.213686
-0.179655
-0.15054
-0.12584
-0.105343
-0.0884493
-0.0745139
-0.0629175
-0.0531208
-0.0447796
-0.0376641
-0.0315562
-0.0262438
-0.02156
-0.0173793
-0.0136194
-0.0101094
-0.00686121
-0.0035778
-0.00137204
-0.461777
-0.42635
-0.383072
-0.338347
-0.294454
-0.254591
-0.219918
-0.189621
-0.162849
-0.139192
-0.11874
-0.101404
-0.0868086
-0.0743572
-0.0636372
-0.0543662
-0.0463092
-0.0392567
-0.0330228
-0.0274526
-0.0224124
-0.0178057
-0.0135028
-0.00953646
-0.00546359
-0.00242498
-0.408492
-0.383755
-0.351207
-0.315648
-0.280414
-0.246965
-0.216435
-0.189068
-0.164675
-0.143017
-0.123906
-0.107128
-0.0924612
-0.0796721
-0.0685591
-0.0588621
-0.05033
-0.0427525
-0.0359638
-0.0298276
-0.0242099
-0.0190056
-0.0141361
-0.00964093
-0.00513414
-0.00197463
-0.367414
-0.350335
-0.326278
-0.298562
-0.270192
-0.242536
-0.216168
-0.191652
-0.169416
-0.149441
-0.131514
-0.115377
-0.1008
-0.0878492
-0.0764226
-0.0662783
-0.0572101
-0.0490507
-0.0416651
-0.0349244
-0.0287062
-0.022928
-0.0174795
-0.0124012
-0.00711517
-0.00311957
-0.330687
-0.319022
-0.300962
-0.279177
-0.256094
-0.232905
-0.210208
-0.188562
-0.16838
-0.149772
-0.132763
-0.117352
-0.103389
-0.0907959
-0.0794716
-0.0692137
-0.0598229
-0.0512677
-0.0434852
-0.0363491
-0.029731
-0.0235442
-0.0176647
-0.0121717
-0.00659018
-0.00260714
-0.302502
-0.294674
-0.281291
-0.264158
-0.245335
-0.225898
-0.206407
-0.187359
-0.169168
-0.152057
-0.136118
-0.12145
-0.108025
-0.0957
-0.0843838
-0.0740324
-0.0645005
-0.0557036
-0.0475997
-0.0400955
-0.0330769
-0.0264729
-0.0201449
-0.0142127
-0.00807048
-0.00350453
-0.277792
-0.272665
-0.262525
-0.248863
-0.233344
-0.216883
-0.199988
-0.183113
-0.166671
-0.150938
-0.136064
-0.122134
-0.109154
-0.0970661
-0.0858265
-0.0754532
-0.0659327
-0.0571142
-0.0489046
-0.0412136
-0.0339523
-0.0270728
-0.0204622
-0.0142375
-0.00784417
-0.00320552
-0.259221
-0.255939
-0.248273
-0.237227
-0.224237
-0.210109
-0.195293
-0.180207
-0.165248
-0.150705
-0.136751
-0.123492
-0.110981
-0.09923
-0.0882316
-0.0779474
-0.0683878
-0.0594904
-0.0511422
-0.0432696
-0.0358076
-0.0287163
-0.0218741
-0.0154061
-0.00867702
-0.00369437
-0.243461
-0.24145
-0.235425
-0.226273
-0.215212
-0.202933
-0.189818
-0.176245
-0.162586
-0.149123
-0.136042
-0.123462
-0.111461
-0.100077
-0.0893209
-0.079185
-0.0696658
-0.0607152
-0.0522417
-0.0442123
-0.0365903
-0.029335
-0.0223171
-0.0156642
-0.00874385
-0.00364949
-0.232129
-0.230868
-0.22591
-0.217948
-0.208113
-0.197028
-0.185037
-0.1725
-0.159766
-0.147101
-0.134683
-0.122643
-0.111069
-0.100015
-0.0895079
-0.0795525
-0.0701388
-0.0612359
-0.0527904
-0.0447674
-0.037124
-0.0298209
-0.0227309
-0.0159888
-0.00895329
-0.0037576
-0.22364
-0.222871
-0.21866
-0.211692
-0.202924
-0.192864
-0.181809
-0.170142
-0.158202
-0.146224
-0.134373
-0.122781
-0.111546
-0.100737
-0.090392
-0.0805255
-0.0711324
-0.0622012
-0.0537057
-0.0456111
-0.0378685
-0.0304466
-0.0232261
-0.016351
-0.00917028
-0.00385725
-0.217964
-0.216685
-0.212069
-0.205153
-0.196691
-0.187048
-0.176482
-0.165365
-0.154006
-0.142603
-0.131298
-0.120208
-0.109426
-0.0990179
-0.089021
-0.07945
-0.070305
-0.0615795
-0.0532513
-0.0452869
-0.037639
-0.0302812
-0.0231001
-0.0162453
-0.00908198
-0.00379785
0.542699
0.544834
0.550184
0.557919
0.5666
0.574434
0.578355
0.57358
0.551642
0.504097
0.498387
0.499001
0.500496
0.502108
0.502366
0.499212
0.489406
0.468455
0.427963
0.359028
0.453297
0.452711
0.451138
0.447906
0.441719
0.430583
0.41155
0.380851
0.332702
0.263409
0.408822
0.407368
0.403403
0.396474
0.385586
0.368989
0.344203
0.308335
0.256983
0.187018
0.366074
0.363988
0.358296
0.348762
0.334724
0.31475
0.286874
0.248987
0.198286
0.133678
0.325835
0.323323
0.316477
0.30525
0.289295
0.267514
0.238417
0.200564
0.152097
0.0923741
0.288634
0.285864
0.278319
0.266111
0.249171
0.226706
0.197639
0.161044
0.115893
0.0623054
0.254797
0.251894
0.243992
0.231329
0.214065
0.191673
0.163405
0.128729
0.0871005
0.0388007
0.224494
0.221545
0.213523
0.200765
0.183611
0.161751
0.1347
0.102205
0.0641208
0.0210087
0.197787
0.194848
0.186852
0.174217
0.157423
0.136336
0.110665
0.0803617
0.0454873
0.00658221
0.174673
0.171768
0.163869
0.151457
0.135128
0.114883
0.0905813
0.0623142
0.0303484
-0.00460544
0.155111
0.152242
0.144443
0.132265
0.116397
0.0969361
0.073841
0.0473039
0.0176331
-0.0146535
0.139063
0.136205
0.128432
0.116413
0.100947
0.0821906
0.060166
0.0351201
0.00754094
-0.0217373
0.126523
0.12363
0.115747
0.103686
0.0883289
0.0698938
0.048455
0.024302
-0.00221592
-0.0307559
0.117565
0.114391
0.106379
0.0944658
0.079408
0.0614198
0.0406257
0.0173169
-0.0079011
-0.0340413
0.112635
0.108096
0.0988695
0.0861724
0.0705788
0.0522368
0.0312645
0.00792232
-0.0176101
-0.0451834
0.454116
0.419593
0.382174
0.344802
0.304073
0.258097
0.207079
0.151448
0.0912353
0.0264227
-0.0427839
-0.116012
-0.192795
-0.272568
-0.354655
-0.438269
-0.522533
-0.606502
-0.689198
-0.76963
-0.846838
-0.919916
-0.988046
-1.05053
-1.10678
-1.15641
-1.19914
-1.23394
-1.26056
-1.27963
-1.29151
-1.29632
-1.29428
-1.28578
-1.27128
-1.25128
-1.22634
-1.19702
-1.16391
-1.12779
-1.08966
-1.05016
-1.00949
-0.968078
0.280267
0.241005
0.204128
0.167809
0.128233
0.0863607
0.0424992
-0.00359348
-0.0519867
-0.102513
-0.154943
-0.209053
-0.264588
-0.32122
-0.378554
-0.436164
-0.493599
-0.550388
-0.60605
-0.660096
-0.712045
-0.761428
-0.807862
-0.850938
-0.890325
-0.92544
-0.956638
-0.984093
-1.00767
-1.02649
-1.04061
-1.05031
-1.05572
-1.05688
-1.05393
-1.04704
-1.0364
-1.02222
-1.00468
-0.984004
-0.960024
-0.932866
-0.902817
-0.8705
0.20154
0.171773
0.14277
0.11431
0.0840966
0.0516552
0.0174579
-0.0182324
-0.0554007
-0.0940078
-0.133917
-0.174928
-0.21681
-0.259319
-0.302199
-0.345172
-0.387947
-0.430213
-0.471659
-0.511969
-0.550837
-0.587967
-0.623081
-0.655937
-0.686285
-0.714034
-0.738661
-0.760502
-0.779355
-0.794974
-0.807339
-0.816541
-0.822661
-0.825771
-0.825976
-0.823418
-0.818273
-0.810721
-0.800991
-0.789135
-0.775175
-0.759342
-0.742129
-0.723672
0.124609
0.0968486
0.0705358
0.0448707
0.0179293
-0.0105283
-0.0399804
-0.0701546
-0.101033
-0.13258
-0.164672
-0.197153
-0.229877
-0.262708
-0.295497
-0.328078
-0.360275
-0.391908
-0.422801
-0.452777
-0.481665
-0.509295
-0.535444
-0.559901
-0.582489
-0.602968
-0.621323
-0.638012
-0.652977
-0.666222
-0.677158
-0.685779
-0.692258
-0.696657
-0.698979
-0.69925
-0.697533
-0.693896
-0.688415
-0.681156
-0.672207
-0.661591
-0.649539
-0.635498
0.0823848
0.0602935
0.0390499
0.018258
-0.00330915
-0.0258249
-0.0489628
-0.0725478
-0.0965681
-0.121003
-0.145775
-0.17079
-0.195954
-0.22117
-0.246322
-0.27129
-0.295954
-0.320192
-0.343883
-0.366906
-0.389142
-0.410474
-0.430794
-0.450008
-0.468028
-0.484794
-0.50017
-0.514033
-0.526566
-0.537694
-0.547285
-0.555304
-0.561776
-0.56673
-0.57019
-0.57219
-0.572775
-0.572005
-0.569945
-0.566668
-0.562253
-0.556779
-0.55031
-0.542615
0.0456817
0.0262736
0.00772538
-0.0104481
-0.029195
-0.0485985
-0.0683865
-0.0884192
-0.108679
-0.12914
-0.149734
-0.170383
-0.191011
-0.211542
-0.231899
-0.252007
-0.27179
-0.291168
-0.310063
-0.328395
-0.346088
-0.363071
-0.379273
-0.394631
-0.409081
-0.422578
-0.435015
-0.446238
-0.456287
-0.465244
-0.473323
-0.480409
-0.486292
-0.490976
-0.494523
-0.496959
-0.498292
-0.498537
-0.497725
-0.495886
-0.493057
-0.489266
-0.484569
-0.47889
0.022997
0.00704307
-0.0083423
-0.0234569
-0.0389206
-0.0547845
-0.070864
-0.0870652
-0.103376
-0.11978
-0.136232
-0.15268
-0.169077
-0.185374
-0.201522
-0.217468
-0.233153
-0.248523
-0.263522
-0.278097
-0.292196
-0.305768
-0.318766
-0.331142
-0.342857
-0.353871
-0.364151
-0.373672
-0.38242
-0.390379
-0.397531
-0.403851
-0.409329
-0.413967
-0.417776
-0.420764
-0.422945
-0.424338
-0.424968
-0.42486
-0.424049
-0.422561
-0.420453
-0.417634
0.00390303
-0.00997122
-0.0233405
-0.0365017
-0.0499242
-0.063627
-0.0774635
-0.091362
-0.105312
-0.119295
-0.133275
-0.14721
-0.161061
-0.174788
-0.188351
-0.20171
-0.214825
-0.227658
-0.24017
-0.252322
-0.264078
-0.2754
-0.286256
-0.296613
-0.306442
-0.315714
-0.324405
-0.332492
-0.339958
-0.346785
-0.352977
-0.358469
-0.363325
-0.367542
-0.371094
-0.373981
-0.376209
-0.377791
-0.378734
-0.379051
-0.378755
-0.377858
-0.376391
-0.37429
-0.00884411
-0.0205384
-0.0318963
-0.0431023
-0.0544653
-0.0659949
-0.0775892
-0.0891979
-0.100812
-0.112417
-0.123989
-0.135496
-0.146912
-0.15821
-0.169364
-0.180346
-0.191128
-0.20168
-0.211975
-0.221986
-0.231686
-0.241052
-0.250058
-0.258682
-0.266903
-0.274702
-0.282062
-0.288967
-0.295404
-0.301363
-0.306835
-0.311814
-0.316294
-0.320275
-0.323754
-0.326735
-0.329222
-0.331224
-0.332749
-0.333809
-0.334419
-0.334589
-0.334351
-0.333639
-0.0201988
-0.0305333
-0.0405468
-0.0504358
-0.0604439
-0.0705664
-0.08072
-0.0908658
-0.100996
-0.1111
-0.121155
-0.131138
-0.141025
-0.150797
-0.160429
-0.169901
-0.17919
-0.188276
-0.197138
-0.205755
-0.214108
-0.222177
-0.229944
-0.237392
-0.244506
-0.251269
-0.257669
-0.263693
-0.269331
-0.274573
-0.279412
-0.283841
-0.287856
-0.291454
-0.294633
-0.297394
-0.299736
-0.301662
-0.303175
-0.304281
-0.304984
-0.305287
-0.305207
-0.3047
-0.0276096
-0.0364631
-0.0451616
-0.0537752
-0.0624491
-0.0711851
-0.0799295
-0.0886537
-0.0973493
-0.106006
-0.114608
-0.123136
-0.131575
-0.139909
-0.14812
-0.156194
-0.164114
-0.171864
-0.179427
-0.186788
-0.193933
-0.200848
-0.207519
-0.213934
-0.220081
-0.225949
-0.231529
-0.236811
-0.241788
-0.246453
-0.250801
-0.254826
-0.258527
-0.2619
-0.264945
-0.267661
-0.270051
-0.272117
-0.273862
-0.27529
-0.276411
-0.277228
-0.27776
-0.277962
-0.0364309
-0.0445798
-0.0524383
-0.060209
-0.0680387
-0.0759045
-0.0837505
-0.0915554
-0.099316
-0.107024
-0.114667
-0.122229
-0.129698
-0.13706
-0.144303
-0.151415
-0.158382
-0.165194
-0.171838
-0.178303
-0.184577
-0.19065
-0.196511
-0.20215
-0.207558
-0.212727
-0.217648
-0.222314
-0.226719
-0.230857
-0.234724
-0.238313
-0.241623
-0.244649
-0.247391
-0.249845
-0.252015
-0.253913
-0.255536
-0.256862
-0.257894
-0.258645
-0.259128
-0.259313
-0.0397722
-0.0468009
-0.0538919
-0.0609247
-0.0679378
-0.0749539
-0.0819561
-0.0889246
-0.0958486
-0.10272
-0.109527
-0.11626
-0.122908
-0.12946
-0.135906
-0.142235
-0.148438
-0.154504
-0.160424
-0.166188
-0.171788
-0.177215
-0.182462
-0.187522
-0.192389
-0.197056
-0.201514
-0.20576
-0.209789
-0.213599
-0.217186
-0.220549
-0.223689
-0.226599
-0.229271
-0.231702
-0.23389
-0.235843
-0.237549
-0.23902
-0.240242
-0.241232
-0.242008
-0.242544
-0.0502683
-0.05711
-0.0635049
-0.0698484
-0.0762579
-0.0826645
-0.0890132
-0.0952978
-0.101523
-0.107684
-0.113772
-0.119777
-0.125691
-0.131507
-0.137218
-0.142817
-0.148296
-0.153649
-0.158867
-0.163945
-0.168874
-0.17365
-0.17827
-0.182724
-0.187001
-0.191098
-0.195014
-0.198746
-0.202289
-0.205638
-0.208792
-0.21175
-0.214512
-0.217075
-0.219438
-0.221594
-0.223539
-0.225265
-0.226773
-0.228088
-0.229207
-0.230117
-0.230811
-0.231283
-0.0487383
-0.0549733
-0.0615031
-0.0678428
-0.0740095
-0.0801193
-0.0861926
-0.0922043
-0.0981403
-0.103999
-0.109778
-0.115473
-0.121077
-0.126584
-0.13199
-0.137288
-0.142472
-0.147538
-0.152476
-0.157287
-0.161926
-0.166358
-0.170722
-0.175039
-0.17916
-0.183059
-0.186783
-0.19035
-0.193746
-0.19696
-0.19999
-0.202831
-0.205479
-0.207935
-0.210211
-0.212307
-0.214224
-0.215956
-0.217514
-0.218887
-0.22009
-0.221107
-0.221924
-0.222527
-0.0641328
-0.0700879
-0.0753641
-0.0806949
-0.0861603
-0.0915942
-0.0969293
-0.102185
-0.107381
-0.112512
-0.117569
-0.122546
-0.127438
-0.132242
-0.136952
-0.141563
-0.14607
-0.150468
-0.154753
-0.158921
-0.162966
-0.166886
-0.170679
-0.174338
-0.177853
-0.181224
-0.184453
-0.187537
-0.190473
-0.193257
-0.195887
-0.198365
-0.200659
-0.202739
-0.204648
-0.206435
-0.208105
-0.209647
-0.211054
-0.212331
-0.213482
-0.214513
-0.21543
-0.216228
-0.854393
-0.667187
-0.498053
-0.363104
-0.26134
-0.185933
-0.130984
-0.0914884
-0.0635138
-0.0438177
-0.0300897
-0.0205626
-0.0139343
-0.00932007
-0.0060309
-0.00376873
-0.0022576
-0.00124897
-0.000577654
-0.00013343
0.00015139
0.000306826
0.000364133
0.00031026
0.000199092
-4.04884e-05
-0.779396
-0.628869
-0.488938
-0.376588
-0.289301
-0.219812
-0.164872
-0.123332
-0.0926773
-0.070083
-0.0531621
-0.0405551
-0.0315296
-0.0246505
-0.0189857
-0.0146388
-0.0114156
-0.0089652
-0.00702069
-0.00542664
-0.00410186
-0.00299422
-0.00205133
-0.001264
-0.000568225
-0.000165474
-0.671745
-0.566451
-0.463194
-0.373127
-0.300233
-0.240881
-0.190981
-0.150354
-0.118492
-0.0942409
-0.0754449
-0.0606684
-0.0490595
-0.039938
-0.0325482
-0.0264558
-0.0216061
-0.0177079
-0.0144512
-0.0116641
-0.00925213
-0.00714437
-0.00526047
-0.00359152
-0.00198818
-0.000785005
-0.595349
-0.523006
-0.446734
-0.371184
-0.307574
-0.255252
-0.21037
-0.171681
-0.139696
-0.11421
-0.0939241
-0.077534
-0.0642452
-0.0534545
-0.0445422
-0.0370944
-0.0309088
-0.0257325
-0.0213076
-0.0174589
-0.014068
-0.0110439
-0.00826802
-0.00574736
-0.00321695
-0.00138792
-0.51921
-0.468282
-0.409783
-0.351275
-0.298075
-0.252553
-0.213548
-0.179534
-0.150433
-0.12575
-0.105268
-0.0883901
-0.0744659
-0.0628786
-0.0530891
-0.0447537
-0.0376432
-0.0315403
-0.026233
-0.0215537
-0.0173767
-0.013618
-0.0101074
-0.00685712
-0.00357297
-0.00137197
-0.461489
-0.426072
-0.382817
-0.338124
-0.294266
-0.254431
-0.219776
-0.189493
-0.162734
-0.139092
-0.118657
-0.101336
-0.0867518
-0.0743096
-0.0635969
-0.0543318
-0.04628
-0.0392328
-0.0330042
-0.0274387
-0.0224022
-0.0177978
-0.0134959
-0.00953021
-0.00545803
-0.00242437
-0.408219
-0.383489
-0.350961
-0.31543
-0.280227
-0.246804
-0.216292
-0.188937
-0.164554
-0.142909
-0.123814
-0.107051
-0.0923988
-0.0796203
-0.0685147
-0.058823
-0.0502959
-0.0427238
-0.0359406
-0.0298096
-0.0241953
-0.0189942
-0.0141272
-0.00963454
-0.00512907
-0.00197464
-0.367153
-0.350081
-0.326041
-0.29835
-0.270007
-0.242375
-0.216023
-0.191518
-0.169292
-0.149328
-0.131415
-0.115294
-0.100732
-0.0877914
-0.0763721
-0.0662329
-0.0571698
-0.0490162
-0.0416364
-0.0349011
-0.0286874
-0.0229135
-0.0174684
-0.0123931
-0.0071084
-0.00311841
-0.330438
-0.318778
-0.300733
-0.27897
-0.255911
-0.232743
-0.210061
-0.188425
-0.168253
-0.149656
-0.132661
-0.117264
-0.103314
-0.0907309
-0.0794142
-0.0691628
-0.0597789
-0.0512304
-0.0434541
-0.0363234
-0.0297101
-0.0235275
-0.0176518
-0.0121625
-0.0065835
-0.00260633
-0.302263
-0.294439
-0.28107
-0.263955
-0.245154
-0.225734
-0.206258
-0.187221
-0.16904
-0.15194
-0.136013
-0.121358
-0.107944
-0.09563
-0.0843222
-0.0739782
-0.0644532
-0.0556632
-0.0475655
-0.0400669
-0.0330533
-0.0264534
-0.0201293
-0.0142013
-0.00806254
-0.00350308
-0.277561
-0.272439
-0.262309
-0.248665
-0.233164
-0.21672
-0.199838
-0.182974
-0.166542
-0.150819
-0.135957
-0.122039
-0.10907
-0.0969929
-0.0857621
-0.0753962
-0.0658818
-0.0570696
-0.0488663
-0.0411816
-0.0339261
-0.0270518
-0.0204461
-0.014226
-0.00783642
-0.00320418
-0.258998
-0.255719
-0.248063
-0.237032
-0.224059
-0.209947
-0.195144
-0.180068
-0.165118
-0.150585
-0.136642
-0.123394
-0.110895
-0.0991537
-0.0881638
-0.0778872
-0.0683341
-0.0594429
-0.0511013
-0.0432355
-0.0357797
-0.0286942
-0.021857
-0.0153939
-0.00866869
-0.00369263
-0.243244
-0.241236
-0.23522
-0.226081
-0.215036
-0.202771
-0.189669
-0.176106
-0.162456
-0.149003
-0.135932
-0.123363
-0.111373
-0.0999991
-0.0892511
-0.0791227
-0.0696103
-0.0606664
-0.0521998
-0.0441772
-0.0365616
-0.0293119
-0.0222988
-0.0156509
-0.00873486
-0.00364745
-0.231917
-0.230658
-0.225708
-0.217759
-0.207939
-0.196867
-0.184888
-0.17236
-0.159635
-0.146979
-0.134572
-0.122542
-0.110979
-0.0999352
-0.089436
-0.0794882
-0.0700816
-0.0611856
-0.052747
-0.0447308
-0.0370936
-0.0297963
-0.0227114
-0.0159745
-0.00894368
-0.00375524
-0.223431
-0.222665
-0.218462
-0.211505
-0.202751
-0.192704
-0.18166
-0.170003
-0.158072
-0.146102
-0.134262
-0.122679
-0.111455
-0.100656
-0.0903189
-0.0804601
-0.0710742
-0.0621501
-0.0536616
-0.0455737
-0.0378375
-0.0304215
-0.0232064
-0.0163366
-0.00916076
-0.00385499
-0.217757
-0.216481
-0.211872
-0.204968
-0.196519
-0.186889
-0.176335
-0.165227
-0.153875
-0.142481
-0.131186
-0.120106
-0.109335
-0.0989355
-0.0889471
-0.0793836
-0.0702458
-0.0615275
-0.0532061
-0.0452485
-0.037607
-0.030255
-0.0230794
-0.01623
-0.0090717
-0.0037951
0.568651
0.5717
0.579658
0.591697
0.606511
0.62281
0.637992
0.648086
0.642501
0.612813
0.578556
0.581926
0.590871
0.604571
0.621783
0.64144
0.661194
0.677464
0.679232
0.659744
0.588214
0.59192
0.601874
0.61727
0.636943
0.660076
0.684621
0.707454
0.717495
0.709379
0.5976
0.601653
0.612614
0.629709
0.651867
0.678539
0.70804
0.737766
0.756908
0.761131
0.606689
0.611094
0.623058
0.641851
0.666514
0.696788
0.731403
0.768348
0.797368
0.815175
0.615455
0.620212
0.63317
0.653652
0.680825
0.714735
0.754587
0.799029
0.83866
0.871215
0.623872
0.628979
0.642916
0.665069
0.694738
0.732298
0.777478
0.829649
0.880558
0.929012
0.631914
0.637364
0.652262
0.676054
0.708192
0.749389
0.799947
0.860023
0.922794
0.988222
0.639555
0.645339
0.661172
0.686564
0.721124
0.765916
0.82186
0.889947
0.965062
1.04843
0.64677
0.652878
0.669613
0.696553
0.73347
0.781788
0.843073
0.919202
1.00702
1.10914
0.653535
0.659952
0.677552
0.705976
0.745167
0.796908
0.863439
0.947554
1.04828
1.16978
0.659826
0.666537
0.684956
0.714791
0.756153
0.811183
0.882808
0.974759
1.08844
1.22967
0.665622
0.672609
0.691795
0.722954
0.766365
0.824518
0.901026
1.00056
1.12705
1.28807
0.670901
0.678143
0.69804
0.730427
0.775746
0.836823
0.917944
1.02471
1.16364
1.34419
0.675644
0.683119
0.703663
0.737173
0.78424
0.848009
0.933414
1.04695
1.19774
1.39716
0.679835
0.687518
0.708641
0.743155
0.791795
0.857995
0.947296
1.06704
1.22887
1.4461
0.683457
0.691321
0.712951
0.748344
0.798364
0.866705
0.959461
1.08474
1.25657
1.49012
0.686496
0.694515
0.716573
0.752712
0.803904
0.874072
0.96979
1.09984
1.2804
1.52837
0.688941
0.697085
0.719491
0.756234
0.808381
0.880037
0.978182
1.11216
1.29997
1.56006
0.690783
0.699022
0.721691
0.758893
0.811764
0.884553
0.98455
1.12154
1.31496
1.5845
0.692014
0.700317
0.723162
0.760672
0.814031
0.887583
0.988831
1.12786
1.32509
1.60112
0.692631
0.700965
0.723899
0.761564
0.815167
0.889103
0.99098
1.13103
1.33018
1.60953
0.692629
0.700963
0.723897
0.761562
0.815166
0.889101
0.990978
1.13103
1.33018
1.60953
0.692009
0.700312
0.723158
0.760667
0.814026
0.887578
0.988825
1.12785
1.32508
1.60112
0.690775
0.699014
0.721683
0.758884
0.811755
0.884543
0.98454
1.12153
1.31494
1.58449
0.68893
0.697074
0.719479
0.756222
0.808368
0.880023
0.978167
1.11215
1.29996
1.56004
0.686482
0.6945
0.716558
0.752696
0.803888
0.874054
0.969771
1.09982
1.28038
1.52835
0.683439
0.691304
0.712933
0.748325
0.798344
0.866684
0.959438
1.08472
1.25654
1.49009
0.679814
0.687497
0.70862
0.743133
0.791771
0.85797
0.947269
1.06701
1.22884
1.44606
0.675621
0.683095
0.703639
0.737147
0.784213
0.84798
0.933382
1.04692
1.1977
1.39712
0.670874
0.678116
0.698012
0.730399
0.775716
0.83679
0.917908
1.02467
1.1636
1.34414
0.665592
0.672578
0.691764
0.722922
0.766331
0.824482
0.900986
1.00052
1.127
1.28802
0.659793
0.666504
0.684922
0.714755
0.756115
0.811143
0.882763
0.97471
1.08839
1.2296
0.653499
0.659916
0.677515
0.705938
0.745126
0.796864
0.863391
0.9475
1.04822
1.16971
0.646731
0.652839
0.669573
0.696511
0.733426
0.78174
0.84302
0.919144
1.00695
1.10907
0.639513
0.645297
0.661129
0.686519
0.721076
0.765865
0.821803
0.889884
0.96499
1.04835
0.631869
0.637318
0.652216
0.676006
0.708141
0.749333
0.799887
0.859956
0.922717
0.988134
0.623824
0.62893
0.642867
0.665018
0.694684
0.732239
0.777414
0.829578
0.880476
0.928917
0.615404
0.620161
0.633118
0.653598
0.680767
0.714673
0.754519
0.798953
0.838573
0.871114
0.606635
0.61104
0.623003
0.641794
0.666454
0.696722
0.731331
0.768268
0.797276
0.815068
0.597543
0.601597
0.612556
0.629649
0.651803
0.678471
0.707965
0.737682
0.756812
0.761018
0.588154
0.59186
0.601813
0.617207
0.636876
0.660004
0.684542
0.707366
0.717394
0.709261
0.578494
0.581864
0.590808
0.604505
0.621713
0.641365
0.661111
0.677372
0.679127
0.659622
0.568587
0.571635
0.579592
0.591628
0.606438
0.622732
0.637906
0.647991
0.642392
0.612686
0.538942
0.590521
0.645306
0.692555
0.742355
0.796815
0.854868
0.916077
0.980267
1.04697
1.11526
1.18385
1.25057
1.31288
1.36586
1.4051
1.41877
1.402
1.32114
1.18682
0.88226
0.527956
-0.335535
-1.04337
0.59429
0.655025
0.718428
0.77052
0.826584
0.889059
0.955903
1.02673
1.10168
1.18046
1.26234
1.34625
1.43046
1.51264
1.58887
1.65468
1.70084
1.72075
1.68899
1.60679
1.38475
1.10671
0.396923
-0.188086
0.650192
0.7179
0.788406
0.845997
0.908741
0.97929
1.05497
1.13554
1.22144
1.31252
1.40828
1.50789
1.61004
1.71277
1.81288
1.90637
1.98578
2.04429
2.06192
2.03523
1.89411
1.69705
1.13685
0.671613
0.71116
0.787091
0.865118
0.929001
0.998978
1.07812
1.16329
1.2543
1.35189
1.45609
1.56658
1.68284
1.80389
1.9282
2.05323
2.17551
2.289
2.38724
2.45424
2.48408
2.42122
2.30523
1.88631
1.53454
0.77628
0.85996
0.945109
1.01568
1.09334
1.18146
1.27653
1.37846
1.48824
1.60611
1.73196
1.86552
2.00619
2.15286
2.30358
2.45551
2.60376
2.74257
2.85893
2.94597
2.95907
2.9242
2.63861
2.39668
0.845417
0.936971
1.02944
1.10726
1.19308
1.29055
1.39597
1.50933
1.63185
1.76397
1.90579
2.05731
2.21828
2.388
2.56507
2.74729
2.93075
3.1105
3.27588
3.41981
3.50617
3.55092
3.38986
3.25344
0.918387
1.01778
1.11758
1.203
1.29735
1.40451
1.52068
1.64589
1.7816
1.92846
2.08675
2.25676
2.43856
2.63184
2.83573
3.04861
3.26745
3.4881
3.70183
3.90175
4.05838
4.18039
4.13491
4.09935
0.994844
1.10205
1.20925
1.30262
1.40586
1.52302
1.65026
1.78771
1.93699
2.09898
2.27415
2.46304
2.66604
2.88322
3.11416
3.3578
3.61187
3.87298
4.13396
4.38835
4.61188
4.80789
4.86884
4.92869
1.07435
1.18932
1.3039
1.4055
1.51789
1.64527
1.78385
1.9338
2.09694
2.27433
2.46664
2.67465
2.89904
3.14022
3.3982
3.6724
3.96121
4.26193
4.56868
4.87547
5.16217
5.42819
5.58641
5.73551
1.15632
1.27892
1.40082
1.51085
1.63259
1.77035
1.92042
2.08305
2.2602
2.45312
2.66268
2.88986
3.13562
3.40066
3.68538
3.98963
4.31235
4.65143
5.00205
5.35867
5.70448
6.03595
6.28231
6.51384
1.23999
1.37002
1.49911
1.61767
1.74887
1.89705
2.05866
2.234
2.42517
2.63359
2.86031
3.10651
3.37337
3.66189
3.97276
4.30621
4.66165
5.03746
5.42967
5.83317
6.2337
6.62561
6.95112
7.25779
1.32441
1.4616
1.59765
1.72476
1.86541
2.02393
2.19699
2.38493
2.58996
2.81367
3.05727
3.32209
3.60955
3.92086
4.25699
4.61848
5.00511
5.41568
5.84685
6.29388
6.74453
7.19155
7.58745
7.96163
1.40844
1.55242
1.69513
1.83068
1.98066
2.14932
2.33358
2.53383
2.75239
2.99096
3.25092
3.53375
3.84103
4.17418
4.53438
4.92242
5.33839
5.78139
6.2486
6.73555
7.23154
7.72814
8.18594
8.61991
1.49078
1.64109
1.79007
1.93382
2.09286
2.27131
2.46635
2.67845
2.90999
3.1628
3.43837
3.73833
4.06438
4.41813
4.80092
5.21373
5.65689
6.12971
6.62976
7.1528
7.68927
8.22985
8.74139
9.22752
1.56993
1.72602
1.88081
2.03239
2.20006
2.38778
2.59301
2.81632
3.06009
3.32628
3.61648
3.93244
4.27597
4.64879
5.0524
5.48793
5.95584
6.45563
6.98516
7.5403
8.11235
8.69132
9.24881
9.7797
1.6443
1.80553
1.9656
2.12448
2.30021
2.4965
2.71117
2.94482
3.19987
3.47836
3.78198
4.11256
4.472
4.86213
5.28454
5.74046
6.23048
6.7542
7.30966
7.89284
8.49562
9.1075
9.70357
10.272
1.71222
1.87789
2.04263
2.20816
2.39118
2.5952
2.81834
3.0613
3.32647
3.61596
3.93157
4.27516
4.64872
5.05415
5.4931
5.96688
6.47616
7.02062
7.59839
8.20551
8.83427
9.47377
10.1016
10.7007
1.77203
1.94137
2.11012
2.28148
2.47088
2.68161
2.91212
3.16316
3.4371
3.7361
4.06203
4.41682
4.80249
5.22099
5.67404
6.16297
6.6885
7.25037
7.84676
8.47375
9.12389
9.78598
10.4392
11.0627
1.82213
1.99433
2.1664
2.34265
2.53734
2.75362
2.99024
3.24797
3.52914
3.83598
4.17041
4.53439
4.92997
5.35914
5.82365
6.32487
6.86353
7.4394
8.0507
8.69354
9.36062
10.0406
10.7138
11.3564
1.86113
2.03535
2.21001
2.39008
2.58883
2.80939
3.05071
3.3136
3.60033
3.91318
4.25412
4.62513
5.02829
5.46559
5.93881
6.44935
6.99794
7.58436
8.20687
8.86159
9.54136
10.2348
10.923
11.5805
1.88787
2.06326
2.23978
2.42251
2.624
2.84744
3.09198
3.35837
3.64889
3.96581
4.31116
4.68693
5.0952
5.53798
6.01707
6.53387
7.08911
7.68259
8.31259
8.97524
9.66348
10.366
11.0643
11.7326
1.90147
2.07726
2.2548
2.43892
2.64176
2.86664
3.1128
3.38096
3.67336
3.99233
4.33988
4.71802
5.12884
5.57435
6.05635
6.57623
7.13475
7.73168
8.36531
9.03178
9.72407
10.4308
11.134
11.8075
1.90146
2.07726
2.2548
2.43892
2.64176
2.86664
3.1128
3.38096
3.67336
3.99233
4.33988
4.71803
5.12884
5.57435
6.05635
6.57623
7.13475
7.73168
8.36532
9.03179
9.72408
10.4308
11.134
11.8075
1.88787
2.06325
2.23977
2.42251
2.624
2.84744
3.09198
3.35837
3.64888
3.96581
4.31116
4.68693
5.0952
5.53799
6.01708
6.53387
7.08912
7.6826
8.3126
8.97526
9.6635
10.366
11.0643
11.7326
1.86112
2.03533
2.20999
2.39007
2.58882
2.80938
3.05071
3.31359
3.60033
3.91318
4.25412
4.62513
5.02829
5.46559
5.93882
6.44936
6.99795
7.58437
8.20689
8.86162
9.54139
10.2348
10.923
11.5806
1.82211
1.99432
2.16638
2.34263
2.53732
2.75361
2.99023
3.24796
3.52913
3.83597
4.1704
4.53438
4.92997
5.35914
5.82366
6.32488
6.86355
7.43942
8.05072
8.69357
9.36065
10.0406
10.7138
11.3564
1.772
1.94135
2.11009
2.28146
2.47086
2.68159
2.9121
3.16315
3.43708
3.73609
4.06202
4.41682
4.80249
5.22099
5.67404
6.16298
6.68852
7.25038
7.84678
8.47379
9.12393
9.78603
10.4393
11.0627
1.71219
1.87786
2.04259
2.20813
2.39115
2.59517
2.81832
3.06128
3.32645
3.61595
3.93155
4.27515
4.64872
5.05414
5.4931
5.96689
6.47617
7.02064
7.59841
8.20555
8.83431
9.47382
10.1016
10.7007
1.64426
1.80549
1.96556
2.12445
2.30018
2.49647
2.71113
2.94479
3.19984
3.47833
3.78196
4.11254
4.47199
4.86212
5.28454
5.74047
6.23049
6.75422
7.30969
7.89288
8.49567
9.10756
9.70365
10.2721
1.56988
1.72597
1.88076
2.03234
2.20002
2.38774
2.59297
2.81628
3.06005
3.32625
3.61646
3.93242
4.27595
4.64878
5.0524
5.48793
5.95584
6.45565
6.98518
7.54033
8.1124
8.69138
9.24888
9.77979
1.49072
1.64103
1.79001
1.93377
2.09281
2.27126
2.4663
2.67841
2.90995
3.16276
3.43834
3.7383
4.06436
4.41811
4.80091
5.21373
5.65689
6.12972
6.62979
7.15284
7.68932
8.22992
8.74147
9.22761
1.40838
1.55236
1.69507
1.83062
1.9806
2.14927
2.33353
2.53378
2.75234
2.99092
3.25088
3.53371
3.84099
4.17415
4.53436
4.92241
5.33839
5.7814
6.24861
6.73558
7.23159
7.72821
8.18602
8.62001
1.32433
1.46152
1.59757
1.72469
1.86534
2.02387
2.19693
2.38486
2.5899
2.81361
3.05721
3.32205
3.60951
3.92082
4.25696
4.61846
5.00511
5.41568
5.84686
6.29391
6.74458
7.19161
7.58753
7.96174
1.23991
1.36994
1.49902
1.61759
1.74879
1.89697
2.05859
2.23392
2.4251
2.63353
2.86025
3.10645
3.37332
3.66184
3.97272
4.30618
4.66163
5.03746
5.42968
5.83319
6.23374
6.62567
6.95121
7.2579
1.15623
1.27882
1.40072
1.51076
1.6325
1.77026
1.92034
2.08296
2.26012
2.45304
2.66261
2.88979
3.13555
3.40061
3.68533
3.98959
4.31232
4.65142
5.00205
5.35869
5.70451
6.036
6.28239
6.51395
1.07425
1.18921
1.30379
1.4054
1.51779
1.64517
1.78376
1.9337
2.09685
2.27424
2.46656
2.67458
2.89897
3.14016
3.39814
3.67235
3.96118
4.26191
4.56868
4.87548
5.1622
5.42824
5.58648
5.73561
0.994737
1.10194
1.20913
1.30251
1.40575
1.52291
1.65016
1.7876
1.93689
2.09888
2.27405
2.46295
2.66596
2.88314
3.11409
3.35774
3.61182
3.87294
4.13395
4.38836
4.61191
4.80793
4.86891
4.92879
0.918271
1.01765
1.11746
1.20288
1.29723
1.40439
1.52056
1.64577
1.78149
1.92835
2.08664
2.25666
2.43846
2.63175
2.83565
3.04854
3.26739
3.48805
3.7018
3.90175
4.05839
4.18043
4.13498
4.09944
0.845293
0.936838
1.02931
1.10713
1.19295
1.29042
1.39584
1.5092
1.63172
1.76385
1.90567
2.05719
2.21817
2.3879
2.56498
2.74721
2.93068
3.11044
3.27584
3.4198
3.50617
3.55095
3.38992
3.25353
0.776148
0.859817
0.944966
1.01554
1.0932
1.18131
1.27638
1.37832
1.4881
1.60597
1.73182
1.86539
2.00607
2.15274
2.30347
2.45541
2.60368
2.7425
2.85889
2.94594
2.95906
2.92422
2.63866
2.39676
0.711021
0.78694
0.864967
0.928853
0.998828
1.07797
1.16313
1.25415
1.35173
1.45594
1.56644
1.6827
1.80376
1.92807
2.05311
2.1754
2.28891
2.38716
2.45418
2.48404
2.4212
2.30524
1.88635
1.53461
0.650047
0.717742
0.788246
0.845839
0.908581
0.979127
1.05481
1.13538
1.22127
1.31236
1.40812
1.50774
1.60989
1.71263
1.81275
1.90625
1.98567
2.04419
2.06185
2.03517
1.89409
1.69705
1.13688
0.671676
0.594138
0.65486
0.71826
0.770352
0.826414
0.888885
0.955726
1.02655
1.10151
1.18029
1.26217
1.34608
1.4303
1.51249
1.58872
1.65454
1.70072
1.72064
1.68891
1.60672
1.38471
1.1067
0.396949
-0.188035
0.538784
0.59035
0.645131
0.692379
0.742176
0.796631
0.854682
0.915889
0.98008
1.04679
1.11508
1.18367
1.2504
1.31271
1.3657
1.40496
1.41863
1.40188
1.32104
1.18674
0.882205
0.527928
-0.33552
-1.04333
-3.01757
-3.69206
-6.86039
-1.92063
-2.55583
-5.46041
-0.818813
-1.40984
-4.05139
0.278968
-0.258551
-2.64272
1.36592
0.887875
-1.24457
2.4338
2.01896
0.133886
3.47545
3.1278
1.48271
4.48419
4.20708
2.79263
5.45384
5.24985
4.05491
6.37863
6.24935
5.26133
7.25311
7.19908
6.40424
8.07222
8.09279
7.47636
8.83134
8.9246
8.47078
9.52642
9.68919
9.38185
10.1535
10.3813
10.2068
10.7083
10.9949
10.9432
11.1869
11.5244
11.5783
11.5878
11.9656
12.0909
11.9118
12.3188
12.4865
12.1593
12.5909
12.8102
12.3275
12.7796
13.0309
12.4102
12.8711
13.1168
12.4102
12.8711
13.1168
12.3274
12.7796
13.0308
12.1592
12.5909
12.8101
11.9117
12.3187
12.4864
11.5877
11.9655
12.0908
11.1868
11.5243
11.5782
10.7082
10.9948
10.9431
10.1534
10.3812
10.2067
9.5263
9.68906
9.38167
8.83121
8.92446
8.47058
8.07208
8.09264
7.47615
7.25297
7.19893
6.40403
6.37848
6.24919
5.26111
5.4537
5.24969
4.05468
4.48404
4.20692
2.7924
3.4753
3.12764
1.48248
2.43366
2.0188
0.133649
1.36578
0.887722
-1.2448
0.278833
-0.258697
-2.64295
-0.81894
-1.40998
-4.05161
-1.92075
-2.55596
-5.46062
-3.01768
-3.69218
-6.86059
-7.87482
-7.7991
-7.78043
-7.90454
-7.82561
-7.81043
-7.93627
-7.85475
-7.84276
-7.96796
-7.88483
-7.87601
-7.99708
-7.91383
-7.90848
-8.02079
-7.93948
-7.93806
-8.03629
-7.95947
-7.96249
-8.0411
-7.97152
-7.97963
-8.03319
-7.97366
-7.98781
-8.01131
-7.96464
-7.98607
-7.97532
-7.94465
-7.97418
-7.92621
-7.91399
-7.95206
-7.86525
-7.87304
-7.92099
-7.79509
-7.82332
-7.8823
-7.71903
-7.76743
-7.83814
-7.64094
-7.70838
-7.79108
-7.5651
-7.6495
-7.74393
-7.49677
-7.59429
-7.69953
-7.4403
-7.54546
-7.66026
-7.39485
-7.5043
-7.62804
-7.36271
-7.47329
-7.60496
-7.3478
-7.45626
-7.59295
-7.34784
-7.4563
-7.59299
-7.36283
-7.47342
-7.60507
-7.39505
-7.5045
-7.62821
-7.44055
-7.54571
-7.66048
-7.4971
-7.59458
-7.69979
-7.56549
-7.64983
-7.74424
-7.64138
-7.70874
-7.79141
-7.7195
-7.76782
-7.8385
-7.79558
-7.82372
-7.88267
-7.86574
-7.87343
-7.92136
-7.92668
-7.91436
-7.95241
-7.97577
-7.94499
-7.97451
-8.01171
-7.96494
-7.98636
-8.03355
-7.97393
-7.98806
-8.04141
-7.97174
-7.97984
-8.03654
-7.95964
-7.96265
-8.02098
-7.9396
-7.93818
-7.99722
-7.9139
-7.90855
-7.96805
-7.88486
-7.87604
-7.93631
-7.85474
-7.84275
-7.90454
-7.82557
-7.81039
-7.87479
-7.79904
-7.78037
-7.7551
-7.69379
-7.35835
-7.11825
-6.99493
-6.49644
-6.19643
-5.86037
-5.49559
-5.11936
-4.7353
-4.35128
-3.97356
-3.60662
-3.25513
-2.92359
-2.61472
-2.3299
-2.06961
-1.83405
-1.62223
-1.43347
-1.26563
-1.12413
-7.78559
-7.76576
-7.527
-7.17072
-7.03512
-6.71496
-6.34026
-6.01144
-5.66241
-5.28663
-4.89866
-4.50953
-4.12507
-3.74929
-3.38725
-3.04437
-2.72407
-2.42795
-2.15671
-1.91084
-1.68941
-1.49187
-1.31494
-1.16209
-7.81729
-7.80103
-7.70197
-7.36835
-7.03953
-6.86743
-6.54917
-6.16526
-5.84076
-5.47424
-5.08289
-4.68778
-4.2963
-3.91118
-3.53745
-3.18172
-2.84834
-2.53916
-2.25522
-1.9973
-1.76479
-1.55696
-1.37082
-1.20662
-7.85341
-7.84907
-7.83092
-7.6199
-7.22799
-6.94986
-6.74003
-6.33775
-6.00251
-5.6429
-5.24959
-4.84634
-4.44552
-4.04919
-3.662
-3.2921
-2.94496
-2.62261
-2.32619
-2.05688
-1.8143
-1.5976
-1.40417
-1.23388
-7.89033
-7.89407
-7.90297
-7.8059
-7.51103
-7.15715
-6.89177
-6.55981
-6.18993
-5.82326
-5.42234
-5.00914
-4.59837
-4.19034
-3.78853
-3.40294
-3.04081
-2.70427
-2.39448
-2.11304
-1.85988
-1.63404
-1.433
-1.25634
-7.9256
-7.93685
-7.95715
-7.92626
-7.74682
-7.44976
-7.10631
-6.76769
-6.41598
-6.03485
-5.61561
-5.1888
-4.76721
-4.347
-3.92924
-3.52621
-3.14733
-2.79484
-2.46983
-2.17462
-1.90947
-1.67334
-1.46374
-1.27925
-7.95702
-7.976
-8.00472
-8.00943
-7.9201
-7.70099
-7.37107
-7.00406
-6.64571
-6.26628
-5.83015
-5.38158
-4.94729
-4.51502
-4.07921
-3.65598
-3.25846
-2.88855
-2.54669
-2.23614
-1.95766
-1.71028
-1.49169
-1.29941
-7.98249
-8.00966
-8.0452
-8.06961
-8.0346
-7.90299
-7.63304
-7.28126
-6.90817
-6.51503
-6.07173
-5.59534
-5.13822
-4.69266
-4.2384
-3.79227
-3.3732
-2.98329
-2.62226
-2.29482
-2.00171
-1.74202
-1.51396
-1.31424
-8.00033
-8.03622
-8.07748
-8.11361
-8.11013
-8.03849
-7.85563
-7.5593
-7.18827
-6.79344
-6.34704
-5.83349
-5.35257
-4.88075
-4.40324
-3.93081
-3.49065
-3.08039
-2.69728
-2.35062
-2.04111
-1.76804
-1.52994
-1.32287
-8.00939
-8.05453
-8.10116
-8.1446
-8.15984
-8.12391
-8.00352
-7.77741
-7.45019
-7.06491
-6.62051
-6.1238
-5.58186
-5.09042
-4.59705
-4.08353
-3.6108
-3.17879
-2.77233
-2.40487
-2.07549
-1.78663
-1.53753
-1.32356
-8.00911
-8.06393
-8.11595
-8.16406
-8.19029
-8.17593
-8.09467
-7.92527
-7.65627
-7.30455
-6.87865
-6.38865
-5.87264
-5.32582
-4.77403
-4.25262
-3.74222
-3.27669
-2.83958
-2.45409
-2.1042
-1.79768
-1.53488
-1.3128
-7.99935
-8.06405
-8.12179
-8.17318
-8.20539
-8.20371
-8.14689
-8.01642
-7.79722
-7.49089
-7.10053
-6.62825
-6.10188
-5.55791
-4.99255
-4.40558
-3.88688
-3.39319
-2.90816
-2.49498
-2.11811
-1.79603
-1.52023
-1.28925
-7.98075
-8.05508
-8.11901
-8.17315
-8.20818
-8.21305
-8.17066
-8.06505
-7.88177
-7.61595
-7.26591
-6.82875
-6.31312
-5.75176
-5.18343
-4.6129
-4.04736
-3.4708
-2.98215
-2.54522
-2.12515
-1.77751
-1.48199
-1.24649
-7.95451
-8.03789
-8.10845
-8.16526
-8.20127
-8.20857
-8.17357
-8.08261
-7.9228
-7.68694
-7.37098
-6.97095
-6.48751
-5.93566
-5.35069
-4.74763
-4.16007
-3.60514
-3.0554
-2.54592
-2.12447
-1.75861
-1.42724
-1.17477
-7.9224
-8.01405
-8.09123
-8.151
-8.18714
-8.19426
-8.16183
-8.0783
-7.93226
-7.71609
-7.42475
-7.05394
-6.60235
-6.07568
-5.49488
-4.87831
-4.2518
-3.66044
-3.09717
-2.58166
-2.11527
-1.68908
-1.33572
-1.0554
-7.88661
-7.9856
-8.06883
-8.13199
-8.16829
-8.17377
-8.14066
-8.05949
-7.92034
-7.71543
-7.43974
-7.08906
-6.66144
-6.15942
-5.5961
-4.98766
-4.35719
-3.72293
-3.13107
-2.57159
-2.07128
-1.63656
-1.26061
-0.856621
-7.84957
-7.95486
-8.04327
-8.10999
-8.14703
-8.15043
-8.11481
-8.03254
-7.89527
-7.69556
-7.4284
-7.0898
-6.67801
-6.19451
-5.64837
-5.05268
-4.42757
-3.78817
-3.17148
-2.5851
-2.04726
-1.56228
-1.15561
-0.629378
-7.81379
-7.9243
-8.01695
-8.08679
-8.12531
-8.12723
-8.0884
-8.0031
-7.86441
-7.66532
-7.40147
-7.0689
-6.66616
-6.19435
-5.66078
-5.07653
-4.45872
-3.82338
-3.19497
-2.59664
-2.04345
-1.52783
-1.10751
-0.527523
-7.78165
-7.89634
-7.99232
-8.06449
-8.1047
-8.10633
-8.06477
-7.9758
-7.83417
-7.63276
-7.3685
-7.03731
-6.63861
-6.17309
-5.64713
-5.07103
-4.45996
-3.83014
-3.20234
-2.59825
-2.03604
-1.51552
-1.0931
-0.53626
-7.75527
-7.87317
-7.97164
-8.04538
-8.08679
-8.08888
-8.046
-7.95419
-7.80996
-7.60462
-7.33708
-7.00424
-6.60663
-6.14342
-5.62102
-5.04946
-4.44287
-3.81744
-3.19259
-2.58824
-2.02341
-1.50319
-1.07427
-0.577954
-7.73653
-7.85665
-7.95678
-8.03149
-8.0735
-8.07593
-8.03263
-7.93941
-7.79401
-7.58477
-7.31065
-6.97752
-6.57982
-6.11657
-5.59479
-5.0248
-4.4202
-3.79701
-3.17416
-2.57076
-2.00508
-1.48611
-1.05036
-0.611052
-7.72689
-7.84812
-7.94908
-8.02424
-8.06646
-8.06888
-8.02514
-7.92929
-7.77534
-7.56554
-7.30254
-6.97437
-6.56683
-6.10131
-5.57877
-5.00877
-4.40452
-3.78197
-3.15964
-2.55664
-1.99069
-1.47237
-1.03177
-0.625709
-7.72692
-7.84815
-7.94911
-8.02428
-8.0665
-8.06893
-8.0252
-7.92936
-7.77543
-7.56565
-7.30265
-6.97448
-6.56696
-6.10145
-5.57891
-5.0089
-4.40465
-3.78209
-3.15975
-2.55674
-1.99078
-1.47245
-1.03184
-0.625767
-7.73663
-7.85675
-7.95688
-8.03161
-8.07363
-8.07609
-8.03282
-7.93964
-7.79428
-7.58509
-7.31099
-6.97787
-6.5802
-6.11698
-5.59519
-5.02518
-4.42055
-3.79734
-3.17446
-2.57103
-2.00532
-1.48633
-1.05055
-0.61122
-7.75542
-7.87333
-7.9718
-8.04557
-8.08701
-8.08913
-8.0463
-7.95456
-7.8104
-7.60513
-7.33763
-7.00482
-6.60726
-6.14405
-5.62164
-5.05004
-4.4434
-3.81792
-3.19304
-2.58864
-2.02376
-1.5035
-1.07455
-0.578242
-7.78186
-7.89655
-7.99255
-8.06474
-8.10499
-8.10668
-8.06519
-7.97631
-7.83476
-7.63345
-7.36926
-7.03811
-6.63943
-6.17392
-5.64792
-5.07175
-4.46061
-3.83073
-3.20287
-2.59872
-2.03647
-1.5159
-1.09348
-0.536706
-7.81404
-7.92456
-8.01723
-8.08711
-8.12568
-8.12767
-8.08893
-8.00373
-7.86516
-7.66616
-7.40239
-7.06987
-6.66714
-6.19531
-5.66167
-5.07734
-4.45942
-3.82402
-3.19556
-2.59715
-2.04391
-1.52823
-1.10791
-0.528087
-7.84986
-7.95516
-8.04359
-8.11036
-8.14746
-8.15095
-8.11544
-8.0333
-7.89615
-7.69654
-7.42945
-7.09089
-6.6791
-6.19554
-5.64932
-5.05352
-4.42829
-3.78884
-3.17204
-2.58554
-2.04763
-1.56263
-1.15597
-0.629839
-7.88693
-7.98592
-8.06918
-8.13239
-8.16877
-8.17436
-8.14138
-8.06035
-7.92132
-7.71651
-7.44089
-7.09023
-6.66256
-6.16048
-5.59706
-4.98849
-4.35791
-3.72354
-3.13155
-2.572
-2.07165
-1.63693
-1.26108
-0.857021
-7.92274
-8.01439
-8.0916
-8.15143
-8.18767
-8.19491
-8.16262
-8.07923
-7.93331
-7.71724
-7.42595
-7.05514
-6.60347
-6.07671
-5.49579
-4.87909
-4.25254
-3.66095
-3.09758
-2.58207
-2.11582
-1.6897
-1.33622
-1.05573
-7.95486
-8.03824
-8.10883
-8.16571
-8.20182
-8.20926
-8.17441
-8.08359
-7.9239
-7.68812
-7.3722
-6.97214
-6.48859
-5.93667
-5.35149
-4.7483
-4.16061
-3.60558
-3.0559
-2.54649
-2.12496
-1.75913
-1.42783
-1.17519
-7.98109
-8.05543
-8.11939
-8.1736
-8.20875
-8.21377
-8.17154
-8.06606
-7.88288
-7.61712
-7.2671
-6.82987
-6.31412
-5.75279
-5.18414
-4.61345
-4.04785
-3.47141
-2.98276
-2.54581
-2.12566
-1.77801
-1.48253
-1.24693
-7.99968
-8.06438
-8.12216
-8.17363
-8.20597
-8.20444
-8.14777
-8.01742
-7.79831
-7.49203
-7.10163
-6.62921
-6.10271
-5.55868
-4.9933
-4.40628
-3.88747
-3.39376
-2.90878
-2.49556
-2.11859
-1.79652
-1.52074
-1.28971
-8.00941
-8.06423
-8.1163
-8.1645
-8.19086
-8.17666
-8.09555
-7.92625
-7.65733
-7.30563
-6.87962
-6.38946
-5.87337
-5.32646
-4.77478
-4.25331
-3.74288
-3.27725
-2.84016
-2.45461
-2.1047
-1.79817
-1.53538
-1.31325
-8.00967
-8.05481
-8.10148
-8.14502
-8.16039
-8.12463
-8.00438
-7.77836
-7.45121
-7.06587
-6.62134
-6.12457
-5.58267
-5.09111
-4.59773
-4.08421
-3.61145
-3.17937
-2.77288
-2.40539
-2.076
-1.78713
-1.53801
-1.32401
-8.00057
-8.03645
-8.07776
-8.11399
-8.11064
-8.03916
-7.85643
-7.56015
-7.18916
-6.79425
-6.34781
-5.83425
-5.35335
-4.88146
-4.40387
-3.93145
-3.49128
-3.08096
-2.69782
-2.35114
-2.0416
-1.76853
-1.53041
-1.32331
-7.98268
-8.00985
-8.04544
-8.06995
-8.03506
-7.90359
-7.63372
-7.28192
-6.90881
-6.51572
-6.07242
-5.59606
-5.13892
-4.69332
-4.23902
-3.79289
-3.3738
-2.98385
-2.62278
-2.29533
-2.0022
-1.7425
-1.51442
-1.31468
-7.95716
-7.97614
-8.00492
-8.00973
-7.9205
-7.70151
-7.3716
-7.00454
-6.64622
-6.2669
-5.83078
-5.38226
-4.94794
-4.51565
-4.07981
-3.65658
-3.25904
-2.8891
-2.54721
-2.23664
-1.95815
-1.71074
-1.49213
-1.29983
-7.9257
-7.93693
-7.95732
-7.92651
-7.74717
-7.4502
-7.10669
-6.76799
-6.41644
-6.03547
-5.61625
-5.18945
-4.76783
-4.3476
-3.92982
-3.52678
-3.14789
-2.79537
-2.47034
-2.17511
-1.90994
-1.67379
-1.46418
-1.27967
-7.89038
-7.89412
-7.90309
-7.80606
-7.51126
-7.1574
-6.89202
-6.56005
-6.19037
-5.82384
-5.42295
-5.00975
-4.59896
-4.19092
-3.7891
-3.40351
-3.04135
-2.70479
-2.39498
-2.11352
-1.86035
-1.63449
-1.43344
-1.25675
-7.85343
-7.84907
-7.83099
-7.61993
-7.22806
-6.94998
-6.7402
-6.338
-6.00294
-5.64345
-5.25018
-4.84693
-4.4461
-4.04976
-3.66257
-3.29265
-2.9455
-2.62312
-2.32668
-2.05735
-1.81476
-1.59804
-1.40459
-1.23428
-7.81727
-7.801
-7.70198
-7.3683
-7.03956
-6.86755
-6.54937
-6.16558
-5.84117
-5.47476
-5.08345
-4.68836
-4.29686
-3.91174
-3.538
-3.18225
-2.84885
-2.53966
-2.25569
-1.99776
-1.76523
-1.55739
-1.37124
-1.20702
-7.78555
-7.7657
-7.52698
-7.17076
-7.03517
-6.71511
-6.34052
-6.01177
-5.66282
-5.28714
-4.8992
-4.51008
-4.12561
-3.74982
-3.38777
-3.04488
-2.72457
-2.42842
-2.15717
-1.91128
-1.68984
-1.49228
-1.31533
-1.16248
-7.75503
-7.69368
-7.35831
-7.11841
-6.9949
-6.49664
-6.19671
-5.86071
-5.49601
-5.11984
-4.73582
-4.35181
-3.97408
-3.60713
-3.25564
-2.92408
-2.6152
-2.33036
-2.07005
-1.83448
-1.62264
-1.43387
-1.26602
-1.12451
-1.89798
-2.77705
-3.63831
-4.47053
-5.26913
-6.03587
-6.77288
-7.47222
-8.12018
-8.70193
-9.21256
-9.63858
-9.96407
-10.2056
-10.3799
-10.4968
-10.5555
-10.5374
-10.4425
-10.2778
-10.0507
-9.76821
-9.43454
-9.06394
-8.68995
-8.36552
-8.10233
-7.89143
-7.72829
-7.61171
-7.54835
-7.58667
-7.7122
-7.76618
-7.71695
-7.65349
-7.53735
-7.47802
-7.48684
-7.41911
-7.50283
-7.6593
-7.70884
-7.72052
-1.04107
-1.82036
-2.60672
-3.36691
-4.10633
-4.83003
-5.52687
-6.19061
-6.81723
-7.39055
-7.90492
-8.37073
-8.79649
-9.15866
-9.45057
-9.66821
-9.81083
-9.87652
-9.86691
-9.78631
-9.6401
-9.43698
-9.1906
-8.92009
-8.6448
-8.37963
-8.1368
-7.91959
-7.74859
-7.63116
-7.55536
-7.48616
-7.40644
-7.33731
-7.3388
-7.42973
-7.49534
-7.41577
-7.26528
-7.15172
-7.18577
-7.28173
-7.34543
-7.47012
-0.0181564
-0.666539
-1.33093
-1.97175
-2.59936
-3.22211
-3.83319
-4.4251
-4.98448
-5.50609
-5.99547
-6.44678
-6.84444
-7.18416
-7.47582
-7.71562
-7.89989
-8.02897
-8.10456
-8.12941
-8.10797
-8.04682
-7.95444
-7.84048
-7.71485
-7.58738
-7.46884
-7.36535
-7.28282
-7.21948
-7.16729
-7.12095
-7.08668
-7.07237
-7.05741
-7.02624
-6.99594
-7.03835
-7.17414
-7.24899
-7.22637
-7.16303
-7.09595
-7.04153
0.421434
-0.139431
-0.722675
-1.29052
-1.8529
-2.41819
-2.98076
-3.53189
-4.06538
-4.57741
-5.06092
-5.50839
-5.91144
-6.27481
-6.59975
-6.87567
-7.09815
-7.26774
-7.38594
-7.45509
-7.47925
-7.46433
-7.41777
-7.34808
-7.26442
-7.17577
-7.08985
-7.01172
-6.94418
-6.88838
-6.84448
-6.81307
-6.79377
-6.78391
-6.77686
-6.77553
-6.7852
-6.78632
-6.77249
-6.77087
-6.86264
-7.00576
-7.05197
-6.94053
0.813314
0.344388
-0.148818
-0.63203
-1.11456
-1.60432
-2.09664
-2.58388
-3.06073
-3.5229
-3.96618
-4.38446
-4.77119
-5.13005
-5.45551
-5.74096
-5.98549
-6.18876
-6.3509
-6.4732
-6.55841
-6.61055
-6.63473
-6.63684
-6.62312
-6.59953
-6.57126
-6.54244
-6.51611
-6.49436
-6.47818
-6.4675
-6.46167
-6.46047
-6.46431
-6.47377
-6.48817
-6.50451
-6.52772
-6.56171
-6.58864
-6.60314
-6.66332
-6.79697
1.00244
0.601354
0.175754
-0.246054
-0.67201
-1.10882
-1.55264
-1.99696
-2.43705
-2.86889
-3.28809
-3.68955
-4.06844
-4.42163
-4.74394
-5.03398
-5.28944
-5.50844
-5.69055
-5.83678
-5.94931
-6.03137
-6.0871
-6.1213
-6.13901
-6.14513
-6.14409
-6.13957
-6.13436
-6.13034
-6.12855
-6.12954
-6.13371
-6.14146
-6.153
-6.16828
-6.18756
-6.21197
-6.24221
-6.27732
-6.3133
-6.3531
-6.39976
-6.43175
1.13418
0.795915
0.434286
0.0724102
-0.296361
-0.67758
-1.06812
-1.46266
-1.85725
-2.2486
-2.63304
-3.00626
-3.36398
-3.70236
-4.01808
-4.30823
-4.57012
-4.80188
-5.00273
-5.17293
-5.3137
-5.42717
-5.51627
-5.58451
-5.6357
-5.67365
-5.70192
-5.72357
-5.74108
-5.75636
-5.77082
-5.78549
-5.80115
-5.81835
-5.83743
-5.85872
-5.88251
-5.90901
-5.93812
-5.97003
-6.00543
-6.0446
-6.08761
-6.13131
1.18778
0.899142
0.588722
0.274407
-0.0491861
-0.386457
-0.734916
-1.09023
-1.449
-1.80814
-2.16416
-2.51313
-2.85115
-3.17454
-3.47984
-3.76395
-4.02433
-4.25909
-4.46717
-4.64833
-4.80326
-4.93345
-5.04109
-5.12892
-5.19995
-5.25728
-5.30384
-5.34225
-5.37475
-5.40315
-5.42888
-5.45304
-5.47645
-5.49973
-5.52337
-5.54776
-5.57317
-5.5998
-5.62784
-5.65737
-5.68867
-5.7211
-5.75693
-5.79205
1.20633
0.960986
0.695788
0.424328
0.142334
-0.153609
-0.461555
-0.778083
-1.10042
-1.42601
-1.75188
-2.07459
-2.39061
-2.69644
-2.98879
-3.2646
-3.52128
-3.75675
-3.96959
-4.15916
-4.32555
-4.46964
-4.5929
-4.69734
-4.78526
-4.85911
-4.92131
-4.97409
-5.01943
-5.05901
-5.0942
-5.1261
-5.15562
-5.18342
-5.21007
-5.23596
-5.26142
-5.28664
-5.31179
-5.33681
-5.36196
-5.38618
-5.41257
-5.43397
1.19254
0.982636
0.754799
0.518864
0.271517
0.0101885
-0.263632
-0.547269
-0.838409
-1.13478
-1.43371
-1.73215
-2.02691
-2.31478
-2.59262
-2.85751
-3.10682
-3.33841
-3.5507
-3.74274
-3.91428
-4.06569
-4.19796
-4.31252
-4.41114
-4.49577
-4.56839
-4.63087
-4.68493
-4.73208
-4.77358
-4.81049
-4.84367
-4.87379
-4.90138
-4.92684
-4.95043
-4.97233
-4.99266
-5.0113
-5.02857
-5.04332
-5.05901
-5.06786
1.1614
0.981712
0.785986
0.581044
0.364371
0.134087
-0.108699
-0.361954
-0.623825
-0.892403
-1.16541
-1.44018
-1.71385
-1.98349
-2.24615
-2.49901
-2.73951
-2.96543
-3.17504
-3.36715
-3.54115
-3.69705
-3.83534
-3.95702
-4.06336
-4.15588
-4.23617
-4.3058
-4.36624
-4.4188
-4.46464
-4.50473
-4.53985
-4.57066
-4.59763
-4.62114
-4.64145
-4.65868
-4.67294
-4.68413
-4.69255
-4.69703
-4.70099
-4.69697
1.11722
0.962699
0.793899
0.615174
0.424656
0.221025
0.00508065
-0.221666
-0.457718
-0.701439
-0.950846
-1.20361
-1.45719
-1.70892
-1.95606
-2.19595
-2.4261
-2.6443
-2.84872
-3.03802
-3.21133
-3.36835
-3.50923
-3.63455
-3.74523
-3.84241
-3.92734
-4.00131
-4.06554
-4.12117
-4.16922
-4.21054
-4.24586
-4.27574
-4.30064
-4.32089
-4.33671
-4.34824
-4.35556
-4.35856
-4.35753
-4.35139
-4.34338
-4.32682
1.06607
0.932873
0.78702
0.630928
0.46325
0.283106
0.0910449
-0.111852
-0.324413
-0.545272
-0.772741
-1.00481
-1.23921
-1.47354
-1.70528
-1.93193
-2.15107
-2.36053
-2.55843
-2.74329
-2.91406
-3.07017
-3.21147
-3.33824
-3.45105
-3.55071
-3.6382
-3.71452
-3.7807
-3.8377
-3.88638
-3.92749
-3.96168
-3.98945
-4.01121
-4.02727
-4.03782
-4.04301
-4.04291
-4.03745
-4.0269
-4.01034
-3.99081
-3.96253
1.01076
0.895506
0.769051
0.632302
0.484317
0.324559
0.153376
-0.0284923
-0.220137
-0.420412
-0.627881
-0.840801
-1.05719
-1.27486
-1.49151
-1.70481
-1.91246
-2.11233
-2.30252
-2.48148
-2.64802
-2.80135
-2.94111
-3.06729
-3.18018
-3.28033
-3.36844
-3.44531
-3.51175
-3.56855
-3.61644
-3.65607
-3.688
-3.71269
-3.73049
-3.74168
-3.74648
-3.74501
-3.73738
-3.72357
-3.70385
-3.67748
-3.64727
-3.60838
0.953985
0.853947
0.74401
0.623941
0.493106
0.351227
0.198494
0.0353732
-0.137449
-0.31903
-0.508158
-0.703336
-0.902815
-1.10464
-1.30672
-1.50686
-1.7029
-1.89277
-2.07459
-2.24674
-2.40793
-2.55724
-2.69407
-2.81821
-2.92972
-3.02889
-3.11622
-3.19227
-3.2577
-3.31312
-3.35917
-3.39637
-3.42523
-3.44614
-3.45945
-3.46542
-3.46427
-3.45615
-3.44122
-3.4195
-3.39132
-3.3561
-3.31645
-3.2685
0.897263
0.810109
0.714216
0.608498
0.49255
0.366283
0.229767
0.0832527
-0.0727546
-0.237482
-0.40991
-0.588756
-0.772488
-0.959358
-1.14745
-1.33475
-1.51921
-1.69884
-1.87179
-2.03642
-2.19136
-2.33557
-2.4683
-2.58916
-2.69801
-2.79495
-2.88026
-2.95434
-3.01769
-3.07079
-3.11415
-3.14822
-3.17344
-3.19018
-3.19874
-3.19942
-3.19244
-3.178
-3.1563
-3.12747
-3.09189
-3.04917
-3.00172
-2.9467
0.841798
0.765607
0.681702
0.588388
0.485424
0.372858
0.250665
0.118929
-0.0219959
-0.171484
-0.328683
-0.492498
-0.66159
-0.834399
-1.00919
-1.1841
-1.3572
-1.5266
-1.69049
-1.84723
-1.99539
-2.13385
-2.26173
-2.37848
-2.4838
-2.57761
-2.66003
-2.7313
-2.79178
-2.84183
-2.88187
-2.9123
-2.93349
-2.9458
-2.94954
-2.94502
-2.93251
-2.91227
-2.88457
-2.84962
-2.80788
-2.75919
-2.70573
-2.64562
0.788261
0.721431
0.647782
0.5652
0.473561
0.373009
0.263453
0.144852
0.0174349
-0.1183
-0.261645
-0.411665
-0.567186
-0.726816
-0.888976
-1.05195
-1.21393
-1.37312
-1.52776
-1.67624
-1.81711
-1.94917
-2.07149
-2.18337
-2.28438
-2.37432
-2.45315
-2.52099
-2.57806
-2.62464
-2.66107
-2.68767
-2.7048
-2.71279
-2.71198
-2.70268
-2.68523
-2.65996
-2.62721
-2.58731
-2.54078
-2.48768
-2.43001
-2.3667
0.73706
0.678262
0.613434
0.540206
0.458501
0.368519
0.270134
0.163223
0.0479193
-0.0753869
-0.206121
-0.343492
-0.486487
-0.63387
-0.784211
-0.935929
-1.08734
-1.23671
-1.38236
-1.52268
-1.65621
-1.78171
-1.89816
-2.00477
-2.10101
-2.18654
-2.26122
-2.32507
-2.3782
-2.42083
-2.45323
-2.47572
-2.48863
-2.49231
-2.48713
-2.47345
-2.45166
-2.42216
-2.38538
-2.34174
-2.29181
-2.23581
-2.17555
-2.11067
0.688575
0.636528
0.579252
0.514199
0.441262
0.360648
0.27219
0.175698
0.0712495
-0.0408321
-0.160058
-0.285748
-0.417017
-0.552768
-0.691714
-0.832416
-0.973317
-1.1128
-1.24926
-1.38113
-1.507
-1.62558
-1.73582
-1.83686
-1.92808
-2.00904
-2.0795
-2.13936
-2.18867
-2.22756
-2.25625
-2.27501
-2.28416
-2.28408
-2.27515
-2.25777
-2.23241
-2.19955
-2.15969
-2.11337
-2.06124
-2.0037
-1.94239
-1.87757
0.643359
0.596876
0.545974
0.487849
0.422497
0.35018
0.270619
0.183494
0.0887863
-0.013262
-0.12225
-0.237594
-0.358501
-0.483971
-0.612815
-0.743683
-0.875103
-1.00553
-1.13341
-1.25722
-1.37555
-1.48712
-1.59086
-1.68586
-1.77145
-1.84715
-1.91265
-1.96779
-2.01254
-2.04703
-2.07148
-2.08619
-2.0915
-2.08779
-2.0755
-2.05509
-2.02707
-1.99197
-1.95035
-1.90278
-1.84991
-1.7922
-1.73108
-1.66728
0.600341
0.559639
0.51466
0.462388
0.40337
0.338146
0.266425
0.18783
0.102292
0.00995994
-0.0888869
-0.193801
-0.304135
-0.419038
-0.537469
-0.658219
-0.779943
-0.901204
-1.02052
-1.13644
-1.24757
-1.35262
-1.45047
-1.5402
-1.62104
-1.69246
-1.75407
-1.80559
-1.84689
-1.87801
-1.89917
-1.91066
-1.91285
-1.90612
-1.89095
-1.86788
-1.83747
-1.80035
-1.75718
-1.70865
-1.65554
-1.59855
-1.53898
-1.47804
0.553882
0.521228
0.483175
0.437168
0.38423
0.325074
0.25954
0.187373
0.108588
0.0233699
-0.0679778
-0.165011
-0.267116
-0.373498
-0.48319
-0.595066
-0.707867
-0.820246
-0.930813
-1.03819
-1.14105
-1.2382
-1.32856
-1.41126
-1.48558
-1.55099
-1.60698
-1.65318
-1.68955
-1.71628
-1.7336
-1.74181
-1.74125
-1.73235
-1.71562
-1.69159
-1.66087
-1.62405
-1.58178
-1.53467
-1.48336
-1.42846
-1.37079
-1.31195
0.505745
0.479236
0.448239
0.410208
0.365605
0.314808
0.25778
0.194396
0.124602
0.0484691
-0.0337811
-0.121773
-0.214966
-0.312656
-0.413973
-0.51788
-0.62319
-0.728606
-0.832765
-0.934284
-1.03182
-1.1241
-1.21002
-1.28868
-1.35932
-1.42197
-1.47558
-1.51897
-1.55194
-1.57524
-1.58926
-1.59421
-1.59042
-1.57838
-1.55865
-1.53185
-1.49867
-1.45983
-1.41611
-1.36837
-1.31787
-1.26586
-1.21348
-1.16336
-8.24262
-9.59766
-10.9195
-12.2045
-13.4372
-14.6019
-15.6879
-16.684
-17.5812
-18.3639
-19.0293
-19.5561
-19.9478
-20.2045
-20.3191
-20.2844
-20.0838
-19.7178
-19.1695
-18.417
-17.4516
-16.2694
-14.8728
-13.2653
-11.5451
-9.82299
-8.3936
-7.55091
-7.30411
-7.39817
-7.55467
-7.73647
-7.91656
-8.01062
-7.99491
-7.86997
-7.79069
-7.78819
-7.78698
-7.78939
-7.798
-7.81039
-7.82709
-7.84868
-4.81184
-5.91074
-6.99076
-8.03877
-9.03401
-9.96589
-10.8303
-11.6241
-12.3327
-12.9505
-13.4688
-13.8909
-14.2317
-14.4786
-14.6062
-14.6112
-14.4484
-14.165
-13.7949
-13.2658
-12.6048
-11.864
-11.0799
-10.2617
-9.44003
-8.62086
-7.79693
-7.18198
-6.96288
-7.11824
-7.52898
-7.91806
-7.8272
-7.58002
-7.59378
-7.67983
-7.72707
-7.75749
-7.74164
-7.72707
-7.73643
-7.74845
-7.76016
-7.77687
-4.0976
-5.15614
-6.19164
-7.19627
-8.15566
-9.05393
-9.89176
-10.6696
-11.3834
-12.0325
-12.5843
-13.0319
-13.375
-13.6349
-13.8146
-13.9076
-13.9065
-13.8074
-13.613
-13.315
-12.9169
-12.4246
-11.8378
-11.1757
-10.4273
-9.69539
-9.05926
-8.63452
-8.48512
-8.49765
-8.41596
-8.17101
-7.80456
-7.51752
-7.51284
-7.59006
-7.46326
-7.49103
-7.65281
-7.72039
-7.74437
-7.74589
-7.74189
-7.75541
-8.24244
-9.59749
-10.9194
-12.2044
-13.4371
-14.6018
-15.6878
-16.684
-17.5813
-18.3639
-19.0294
-19.5562
-19.948
-20.2047
-20.3193
-20.2847
-20.0842
-19.7182
-19.1699
-18.4175
-17.4522
-16.27
-14.8735
-13.2659
-11.5457
-9.82351
-8.39396
-7.55107
-7.3041
-7.39809
-7.55457
-7.73636
-7.91645
-8.01054
-7.99486
-7.86992
-7.7906
-7.78809
-7.78688
-7.78929
-7.7979
-7.81031
-7.82701
-7.84863
-4.81174
-5.91065
-6.99069
-8.03872
-9.03398
-9.96588
-10.8303
-11.6241
-12.3328
-12.9506
-13.4689
-13.891
-14.2318
-14.4788
-14.6064
-14.6114
-14.4487
-14.1653
-13.7953
-13.2662
-12.6052
-11.8644
-11.0803
-10.2621
-9.44038
-8.62119
-7.7972
-7.18213
-6.96291
-7.11817
-7.52885
-7.91797
-7.82717
-7.57999
-7.59369
-7.67971
-7.72695
-7.75739
-7.74154
-7.72696
-7.73632
-7.74835
-7.76006
-7.77678
-4.0975
-5.15605
-6.19158
-7.19622
-8.15563
-9.05393
-9.89178
-10.6697
-11.3835
-12.0325
-12.5844
-13.0321
-13.3752
-13.6351
-13.8148
-13.9078
-13.9068
-13.8077
-13.6133
-13.3153
-12.9173
-12.4249
-11.8381
-11.176
-10.4276
-9.69569
-9.0595
-8.63466
-8.48516
-8.49764
-8.41596
-8.17105
-7.80463
-7.51755
-7.51278
-7.58996
-7.46318
-7.49087
-7.65267
-7.72026
-7.74424
-7.74578
-7.74179
-7.75533
-1.89796
-2.77703
-3.63831
-4.47055
-5.26916
-6.03592
-6.77294
-7.4723
-8.12028
-8.70205
-9.2127
-9.63876
-9.96427
-10.2058
-10.3801
-10.497
-10.5558
-10.5377
-10.4428
-10.2781
-10.051
-9.76849
-9.43483
-9.06423
-8.69023
-8.36575
-8.10251
-7.89157
-7.7284
-7.61181
-7.54842
-7.58671
-7.71222
-7.76619
-7.71696
-7.65348
-7.53731
-7.4779
-7.48672
-7.41899
-7.50266
-7.65915
-7.70874
-7.72044
-1.04107
-1.82037
-2.60674
-3.36694
-4.10637
-4.83008
-5.52694
-6.1907
-6.81733
-7.39067
-7.90506
-8.37088
-8.79665
-9.15884
-9.45076
-9.66842
-9.81106
-9.87677
-9.86717
-9.78658
-9.64038
-9.43726
-9.19087
-8.92036
-8.64505
-8.37985
-8.137
-7.91976
-7.74874
-7.63129
-7.55547
-7.48625
-7.4065
-7.33734
-7.33879
-7.42969
-7.49533
-7.41578
-7.26527
-7.15164
-7.18563
-7.28159
-7.34528
-7.46996
-0.0181976
-0.66659
-1.33099
-1.97182
-2.59944
-3.2222
-3.8333
-4.42522
-4.98462
-5.50624
-5.99564
-6.44696
-6.84463
-7.18437
-7.47603
-7.71585
-7.90013
-8.02921
-8.10481
-8.12966
-8.10822
-8.04707
-7.95469
-7.84072
-7.71508
-7.58759
-7.46903
-7.36553
-7.28298
-7.21962
-7.16741
-7.12105
-7.08676
-7.07244
-7.05746
-7.02629
-6.99597
-7.03834
-7.17411
-7.24897
-7.22638
-7.16304
-7.09594
-7.04148
0.421366
-0.139507
-0.722758
-1.29061
-1.853
-2.4183
-2.98088
-3.53202
-4.06552
-4.57756
-5.06108
-5.50856
-5.91163
-6.27501
-6.59996
-6.87589
-7.09838
-7.26798
-7.38619
-7.45534
-7.4795
-7.46459
-7.41802
-7.34832
-7.26466
-7.176
-7.09007
-7.01192
-6.94437
-6.88855
-6.84464
-6.81321
-6.7939
-6.78403
-6.77697
-6.77563
-6.78529
-6.7864
-6.77258
-6.77095
-6.86269
-7.00583
-7.05209
-6.9407
0.813221
0.344287
-0.148927
-0.632145
-1.11468
-1.60445
-2.09678
-2.58404
-3.06089
-3.52307
-3.96636
-4.38466
-4.77139
-5.13026
-5.45573
-5.74119
-5.98572
-6.189
-6.35114
-6.47345
-6.55866
-6.6108
-6.63497
-6.63709
-6.62336
-6.59976
-6.57149
-6.54266
-6.51631
-6.49456
-6.47836
-6.46767
-6.46184
-6.46063
-6.46446
-6.47391
-6.4883
-6.50463
-6.52783
-6.56181
-6.58873
-6.60321
-6.66331
-6.79689
1.00232
0.601232
0.175626
-0.246188
-0.672151
-1.10897
-1.5528
-1.99712
-2.43722
-2.86907
-3.28828
-3.68976
-4.06865
-4.42185
-4.74417
-5.03421
-5.28969
-5.50869
-5.69081
-5.83704
-5.94957
-6.03163
-6.08737
-6.12156
-6.13927
-6.14538
-6.14433
-6.13981
-6.13459
-6.13056
-6.12876
-6.12975
-6.13391
-6.14166
-6.15319
-6.16846
-6.18773
-6.21215
-6.24237
-6.27748
-6.31347
-6.35327
-6.39995
-6.43198
1.13405
0.795775
0.43414
0.0722589
-0.296519
-0.677745
-1.0683
-1.46285
-1.85744
-2.2488
-2.63324
-3.00647
-3.3642
-3.70259
-4.01832
-4.30847
-4.57037
-4.80213
-5.00299
-5.17319
-5.31397
-5.42744
-5.51654
-5.58477
-5.63596
-5.67391
-5.70217
-5.72382
-5.74133
-5.75661
-5.77106
-5.78573
-5.80139
-5.81858
-5.83766
-5.85895
-5.88274
-5.90924
-5.93836
-5.97027
-6.00568
-6.04486
-6.08788
-6.1316
1.18763
0.898986
0.588562
0.274242
-0.0493577
-0.386636
-0.735102
-1.09042
-1.4492
-1.80835
-2.16438
-2.51335
-2.85139
-3.17477
-3.48009
-3.76421
-4.02459
-4.25936
-4.46744
-4.64861
-4.80354
-4.93373
-5.04137
-5.1292
-5.20023
-5.25756
-5.30411
-5.34252
-5.37502
-5.40342
-5.42915
-5.45331
-5.47672
-5.5
-5.52364
-5.54803
-5.57345
-5.60009
-5.62813
-5.65767
-5.68898
-5.72142
-5.75726
-5.79239
1.20617
0.960818
0.695615
0.42415
0.14215
-0.153799
-0.461753
-0.778288
-1.10063
-1.42623
-1.7521
-2.07482
-2.39085
-2.69669
-2.98904
-3.26487
-3.52155
-3.75702
-3.96987
-4.15944
-4.32584
-4.46993
-4.59319
-4.69763
-4.78555
-4.85941
-4.92161
-4.97439
-5.01973
-5.0593
-5.09449
-5.1264
-5.15591
-5.18372
-5.21037
-5.23628
-5.26174
-5.28697
-5.31213
-5.33716
-5.36232
-5.38656
-5.41296
-5.43438
1.19237
0.982457
0.754615
0.518676
0.271323
0.00998781
-0.26384
-0.547484
-0.838632
-1.13501
-1.43394
-1.73239
-2.02716
-2.31503
-2.59289
-2.85778
-3.1071
-3.3387
-3.55099
-3.74303
-3.91457
-4.06599
-4.19826
-4.31282
-4.41145
-4.49608
-4.5687
-4.63118
-4.68524
-4.73239
-4.7739
-4.81081
-4.844
-4.87412
-4.90172
-4.92719
-4.95079
-4.9727
-4.99304
-5.01169
-5.02898
-5.04375
-5.05945
-5.06833
1.16122
0.981525
0.785794
0.580847
0.364168
0.133877
-0.108916
-0.362178
-0.624056
-0.89264
-1.16565
-1.44043
-1.71411
-1.98375
-2.24642
-2.49929
-2.73979
-2.96572
-3.17533
-3.36745
-3.54146
-3.69736
-3.83566
-3.95733
-4.06368
-4.1562
-4.2365
-4.30613
-4.36657
-4.41914
-4.46498
-4.50507
-4.54021
-4.57102
-4.598
-4.62152
-4.64183
-4.65907
-4.67336
-4.68456
-4.69299
-4.69749
-4.70148
-4.69748
1.11703
0.962505
0.793701
0.614971
0.424447
0.220809
0.00485722
-0.221897
-0.457956
-0.701683
-0.951097
-1.20387
-1.45746
-1.70919
-1.95634
-2.19624
-2.42639
-2.6446
-2.84903
-3.03832
-3.21165
-3.36867
-3.50955
-3.63488
-3.74557
-3.84275
-3.92768
-4.00165
-4.06589
-4.12153
-4.16958
-4.21091
-4.24623
-4.27612
-4.30103
-4.32129
-4.33713
-4.34866
-4.356
-4.35902
-4.358
-4.35187
-4.34388
-4.32734
1.06587
0.932675
0.786816
0.63072
0.463035
0.282885
0.090816
-0.112088
-0.324656
-0.545521
-0.772997
-1.00507
-1.23948
-1.47382
-1.70557
-1.93222
-2.15137
-2.36084
-2.55874
-2.7436
-2.91438
-3.07049
-3.21181
-3.33858
-3.45139
-3.55106
-3.63855
-3.71488
-3.78107
-3.83807
-3.88675
-3.92787
-3.96207
-3.98985
-4.01162
-4.02768
-4.03825
-4.04345
-4.04336
-4.03791
-4.02738
-4.01083
-3.99132
-3.96305
1.01056
0.895304
0.768844
0.63209
0.484099
0.324334
0.153144
-0.0287325
-0.220384
-0.420666
-0.628141
-0.841068
-1.05746
-1.27514
-1.4918
-1.7051
-1.91276
-2.11264
-2.30284
-2.4818
-2.64835
-2.80169
-2.94145
-3.06763
-3.18053
-3.28069
-3.3688
-3.44568
-3.51212
-3.56893
-3.61683
-3.65647
-3.68841
-3.7131
-3.73091
-3.74211
-3.74692
-3.74546
-3.73784
-3.72404
-3.70434
-3.67797
-3.64777
-3.60889
0.953787
0.853743
0.743801
0.623727
0.492885
0.350999
0.198259
0.0351304
-0.137699
-0.319287
-0.508421
-0.703606
-0.903092
-1.10493
-1.30701
-1.50716
-1.7032
-1.89308
-2.07491
-2.24707
-2.40827
-2.55758
-2.69442
-2.81856
-2.93007
-3.02926
-3.11659
-3.19265
-3.25808
-3.31351
-3.35956
-3.39678
-3.42564
-3.44656
-3.45988
-3.46586
-3.46471
-3.4566
-3.44168
-3.41997
-3.39181
-3.3566
-3.31694
-3.26901
0.897064
0.809905
0.714007
0.608283
0.492329
0.366055
0.229531
0.0830086
-0.0730057
-0.23774
-0.410174
-0.589028
-0.772767
-0.959645
-1.14775
-1.33506
-1.51952
-1.69916
-1.87211
-2.03675
-2.1917
-2.33591
-2.46865
-2.58952
-2.69837
-2.79532
-2.88063
-2.95473
-3.01808
-3.07119
-3.11455
-3.14863
-3.17386
-3.1906
-3.19918
-3.19986
-3.19289
-3.17845
-3.15677
-3.12795
-3.09236
-3.04965
-3.00221
-2.9472
0.8416
0.765403
0.681494
0.588174
0.485203
0.372629
0.250428
0.118685
-0.022247
-0.171742
-0.328948
-0.492771
-0.66187
-0.834687
-1.00948
-1.1844
-1.35751
-1.52692
-1.69082
-1.84756
-1.99573
-2.13419
-2.26209
-2.37884
-2.48417
-2.57798
-2.66041
-2.73169
-2.79217
-2.84223
-2.88228
-2.91271
-2.93391
-2.94623
-2.94998
-2.94547
-2.93296
-2.91272
-2.88503
-2.85009
-2.80835
-2.75966
-2.70621
-2.6461
0.788064
0.721229
0.647575
0.564987
0.473341
0.372782
0.263218
0.144609
0.0171851
-0.118556
-0.261909
-0.411936
-0.567466
-0.727104
-0.889272
-1.05225
-1.21424
-1.37344
-1.52809
-1.67657
-1.81745
-1.94952
-2.07184
-2.18373
-2.28475
-2.37469
-2.45353
-2.52138
-2.57845
-2.62505
-2.66148
-2.68809
-2.70522
-2.71322
-2.71241
-2.70312
-2.68568
-2.6604
-2.62766
-2.58776
-2.54124
-2.48814
-2.43047
-2.36717
0.736867
0.678063
0.613231
0.539996
0.458284
0.368293
0.269901
0.162982
0.0476717
-0.0756413
-0.206382
-0.343762
-0.486765
-0.634156
-0.784505
-0.936231
-1.08765
-1.23703
-1.38269
-1.52301
-1.65655
-1.78206
-1.89851
-2.00513
-2.10137
-2.18691
-2.2616
-2.32545
-2.37859
-2.42123
-2.45364
-2.47613
-2.48905
-2.49273
-2.48755
-2.47388
-2.45209
-2.4226
-2.38582
-2.34218
-2.29225
-2.23625
-2.17599
-2.11112
0.688386
0.636334
0.579054
0.513994
0.441048
0.360426
0.27196
0.17546
0.0710047
-0.0410835
-0.160316
-0.286015
-0.417292
-0.553051
-0.692006
-0.832716
-0.973624
-1.11312
-1.24958
-1.38146
-1.50733
-1.62592
-1.73617
-1.83722
-1.92844
-2.00941
-2.07988
-2.13975
-2.18907
-2.22796
-2.25665
-2.27541
-2.28458
-2.2845
-2.27557
-2.2582
-2.23284
-2.19998
-2.16012
-2.11381
-2.06168
-2.00413
-1.94282
-1.878
0.643174
0.596688
0.545781
0.48765
0.42229
0.349963
0.270393
0.18326
0.0885454
-0.0135094
-0.122504
-0.237856
-0.358772
-0.484251
-0.613104
-0.74398
-0.875407
-1.00584
-1.13373
-1.25755
-1.37589
-1.48747
-1.59121
-1.68621
-1.77181
-1.84752
-1.91303
-1.96817
-2.01293
-2.04742
-2.07188
-2.08659
-2.0919
-2.0882
-2.07591
-2.05551
-2.02749
-1.99239
-1.95077
-1.9032
-1.85032
-1.79262
-1.7315
-1.6677
0.600159
0.559454
0.514472
0.462194
0.403169
0.337935
0.266204
0.187601
0.102056
0.00971737
-0.089136
-0.194057
-0.304399
-0.419312
-0.537752
-0.65851
-0.780241
-0.90151
-1.02084
-1.13676
-1.24789
-1.35295
-1.45082
-1.54055
-1.6214
-1.69283
-1.75444
-1.80597
-1.84727
-1.87839
-1.89956
-1.91106
-1.91324
-1.90652
-1.89136
-1.86828
-1.83788
-1.80075
-1.75758
-1.70906
-1.65595
-1.59895
-1.53938
-1.47843
0.553704
0.521048
0.482991
0.43698
0.384033
0.324868
0.259324
0.187148
0.108355
0.0231305
-0.0682237
-0.165264
-0.267376
-0.373767
-0.483468
-0.595352
-0.708161
-0.820548
-0.931122
-1.0385
-1.14138
-1.23853
-1.3289
-1.41161
-1.48593
-1.55135
-1.60734
-1.65355
-1.68992
-1.71665
-1.73399
-1.7422
-1.74164
-1.73274
-1.71601
-1.69199
-1.66126
-1.62445
-1.58217
-1.53506
-1.48375
-1.42886
-1.37118
-1.31234
0.505578
0.479064
0.448062
0.410028
0.365418
0.314613
0.257576
0.194182
0.12438
0.048239
-0.0340184
-0.122018
-0.215218
-0.312917
-0.414242
-0.518157
-0.623475
-0.728899
-0.833066
-0.934592
-1.03213
-1.12443
-1.21035
-1.28902
-1.35967
-1.42232
-1.47594
-1.51934
-1.55231
-1.57561
-1.58963
-1.59459
-1.5908
-1.57876
-1.55903
-1.53223
-1.49905
-1.46021
-1.4165
-1.36875
-1.31825
-1.26625
-1.21386
-1.16374
-0.899051
-0.66442
-0.472243
-0.323912
-0.218639
-0.145348
-0.093877
-0.0584863
-0.0349723
-0.0194891
-0.00938054
-0.00294297
0.00101881
0.003357
0.0046843
0.00530497
0.00545708
0.00532173
0.00499843
0.00457039
0.00408682
0.00354655
0.00297943
0.00232274
0.00162931
0.000659732
-0.921204
-0.663555
-0.460002
-0.306864
-0.201503
-0.129637
-0.0797211
-0.046133
-0.0245277
-0.010761
-0.00208124
0.00315326
0.00609189
0.00757756
0.00819187
0.0082265
0.00789014
0.0073383
0.00665622
0.00591785
0.00516341
0.00437754
0.00359405
0.00272481
0.00183947
0.000587924
-0.939946
-0.65846
-0.443511
-0.287224
-0.182934
-0.112824
-0.0646461
-0.0330816
-0.0135291
-0.00153743
0.00567389
0.00967278
0.0115671
0.0121863
0.0120776
0.0115118
0.0106704
0.00968473
0.0086354
0.00758241
0.00654822
0.00550598
0.0045
0.00340876
0.00235543
0.000725292
-0.954415
-0.649638
-0.423168
-0.265081
-0.162699
-0.0946506
-0.0485427
-0.0193643
-0.00212007
0.00793242
0.0135432
0.0162073
0.0169842
0.0166867
0.0158216
0.0146226
0.0132586
0.0118349
0.010415
0.00904409
0.00772897
0.00642856
0.00520725
0.0038865
0.00272734
0.000640531
-0.96636
-0.637343
-0.398894
-0.240251
-0.14075
-0.0752092
-0.0315628
-0.00512706
0.00959762
0.0176
0.0215373
0.022816
0.0224696
0.021257
0.0196237
0.0178025
0.0159315
0.0140803
0.0122947
0.0106103
0.00902142
0.00746978
0.00604115
0.00450493
0.00317675
0.000657192
-0.975404
-0.620526
-0.370077
-0.212434
-0.11698
-0.0544369
-0.0136538
0.00968307
0.021682
0.0275162
0.0296885
0.0295203
0.0280106
0.0258492
0.0234247
0.0209687
0.018579
0.0162881
0.0141248
0.0121189
0.0102512
0.00844428
0.00681343
0.00505478
0.00361495
0.000466248
-0.980335
-0.598406
-0.336423
-0.181605
-0.0914008
-0.032332
0.00515808
0.0250217
0.0340893
0.0376338
0.0379479
0.0362754
0.0335697
0.0304414
0.0272166
0.0241229
0.021214
0.0184896
0.0159601
0.013642
0.0114934
0.00942548
0.0076178
0.00564237
0.00431713
9.9344e-05
-0.980233
-0.570428
-0.29765
-0.14773
-0.0639804
-0.00886694
0.0248399
0.0408421
0.0467879
0.0479287
0.0463003
0.0430765
0.0391486
0.0350395
0.0310107
0.027283
0.0238443
0.0206701
0.0177744
0.0151682
0.0127522
0.0103911
0.00836793
0.00619265
0.00507092
-0.000508184
-0.974357
-0.53581
-0.253299
-0.110741
-0.0346523
0.0160087
0.0453714
0.05712
0.0597661
0.0583798
0.0547188
0.0499043
0.0447283
0.039606
0.0347536
0.0304187
0.0264841
0.0228496
0.0195286
0.0166178
0.0140031
0.0114773
0.00922292
0.00682331
0.00602674
-0.00121154
-0.962182
-0.493731
-0.202939
-0.0706956
-0.00343878
0.0422598
0.0666572
0.0737901
0.0730025
0.0689742
0.0631815
0.0567475
0.0503439
0.0442104
0.0384594
0.0334506
0.0290619
0.025143
0.0214725
0.0181514
0.0151692
0.0125998
0.0101634
0.00746326
0.00680544
-0.00188602
-0.942866
-0.443214
-0.146141
-0.0275745
0.0297812
0.0699189
0.0886217
0.0907672
0.0864141
0.0796628
0.0716555
0.0634812
0.0558227
0.0488338
0.0424093
0.0366793
0.0316282
0.0273347
0.0235258
0.0197146
0.0161332
0.0132302
0.0105291
0.00769119
0.00715515
-0.00194587
-0.915288
-0.383021
-0.0829913
0.0183496
0.0651046
0.0989996
0.111272
0.108159
0.10002
0.0903959
0.0803747
0.0705781
0.0613903
0.0533735
0.0463376
0.0398525
0.0339248
0.028801
0.0246455
0.0206118
0.0169437
0.0138938
0.0109883
0.00807293
0.00719655
-0.0013369
-0.879523
-0.310267
-0.0134272
0.0665979
0.102528
0.129196
0.13409
0.125899
0.114095
0.101191
0.0889612
0.0775731
0.0666667
0.0570623
0.0488982
0.041806
0.0356101
0.0303129
0.0258828
0.0216628
0.0178042
0.0145192
0.0113439
0.00840116
0.00681386
-0.000118233
-0.841942
-0.221999
0.0631616
0.116987
0.142509
0.161554
0.157663
0.143665
0.128036
0.11133
0.0958562
0.0823561
0.0703751
0.0601554
0.0515
0.0439818
0.0374172
0.0317758
0.0269879
0.0225632
0.0185112
0.0150368
0.011589
0.00868902
0.00607329
0.00164366
-0.804415
-0.117309
0.148262
0.171997
0.18499
0.194746
0.180514
0.158534
0.138073
0.118827
0.101762
0.087081
0.0742141
0.0632171
0.0539058
0.0458879
0.038947
0.0329946
0.0279217
0.0233253
0.0191073
0.0154841
0.0117529
0.00897113
0.00476536
0.00411171
-0.739525
0.00396385
0.233088
0.224731
0.22352
0.220382
0.197672
0.171026
0.147524
0.126135
0.107347
0.0913343
0.0775243
0.0657955
0.0559178
0.0474863
0.0402374
0.0340314
0.0287254
0.0239771
0.0196128
0.0158708
0.0118578
0.00926615
0.00291781
0.00717005
-0.646005
0.109685
0.296392
0.26688
0.255925
0.242274
0.212837
0.182186
0.155767
0.132304
0.111975
0.0948392
0.0802568
0.0679423
0.0576075
0.0488351
0.0413288
0.0349111
0.0294111
0.0245318
0.0200407
0.0162052
0.0119234
0.00953549
0.00131578
0.0100172
-0.537123
0.18117
0.337822
0.301034
0.282628
0.260205
0.225286
0.191254
0.16239
0.137254
0.115724
0.0977061
0.082505
0.069719
0.0590127
0.0499601
0.0422411
0.0356496
0.0299917
0.0250031
0.0204047
0.0164966
0.0119745
0.00977808
0.000167691
0.0124031
-0.427796
0.222369
0.364768
0.328063
0.30319
0.273908
0.234909
0.198318
0.167587
0.141169
0.118716
0.10001
0.0843186
0.0711592
0.0601581
0.0508819
0.0429923
0.0362617
0.0304783
0.0254009
0.020714
0.0167502
0.0120239
0.010011
-0.000835929
0.0145251
-0.337109
0.244413
0.382826
0.348055
0.318044
0.283922
0.242074
0.203634
0.171531
0.144157
0.121014
0.101791
0.0857268
0.0722838
0.0610588
0.0516116
0.0435905
0.0367527
0.0308732
0.0257264
0.0209698
0.0169645
0.0120765
0.0102166
-0.00165577
0.0162676
-0.276598
0.256788
0.395011
0.361509
0.327923
0.290697
0.246987
0.207302
0.174269
0.146242
0.122626
0.103048
0.0867259
0.0730862
0.0617056
0.0521388
0.0440251
0.037112
0.0311653
0.0259692
0.0211631
0.0171287
0.0121279
0.0103753
-0.0022212
0.0175026
-0.247233
0.263143
0.401607
0.368464
0.332995
0.294216
0.249556
0.209226
0.175711
0.147345
0.123482
0.103719
0.0872617
0.0735185
0.062056
0.0524258
0.044263
0.0373099
0.0313277
0.026105
0.0212725
0.0172225
0.0121632
0.0104651
-0.00250461
0.0181434
-0.247285
0.263119
0.401589
0.368452
0.33299
0.294214
0.249555
0.209228
0.175714
0.147348
0.123486
0.103723
0.0872662
0.073523
0.0620605
0.0524302
0.0442673
0.0373144
0.031332
0.0261091
0.0212762
0.017226
0.012166
0.0104676
-0.00250417
0.0181463
-0.276756
0.256721
0.394958
0.361473
0.327908
0.290691
0.246985
0.207306
0.174277
0.146251
0.122637
0.10306
0.0867391
0.0730997
0.0617191
0.0521518
0.0440381
0.0371253
0.0311781
0.0259812
0.0211742
0.0171389
0.0121362
0.0103828
-0.00221998
0.0175114
-0.337374
0.244305
0.382742
0.347997
0.31802
0.283913
0.24207
0.203641
0.171544
0.144172
0.121031
0.101811
0.0857484
0.0723059
0.0610808
0.0516328
0.0436117
0.0367744
0.0308941
0.025746
0.020988
0.0169812
0.0120902
0.0102288
-0.00165399
0.0162819
-0.428184
0.222217
0.364652
0.327983
0.303156
0.273895
0.234904
0.198328
0.167606
0.141189
0.118739
0.100038
0.0843481
0.0711893
0.0601881
0.0509108
0.0430213
0.0362913
0.0305067
0.0254276
0.0207387
0.016773
0.0120425
0.0100275
-0.000833867
0.0145444
-0.537645
0.180968
0.337671
0.300932
0.282587
0.260188
0.225277
0.191266
0.162414
0.137278
0.115752
0.0977399
0.0825416
0.0697566
0.05905
0.0499958
0.0422771
0.0356865
0.030027
0.0250363
0.0204355
0.0165248
0.0119975
0.00979845
0.000169968
0.0124267
-0.646601
0.109447
0.296209
0.266754
0.255876
0.242251
0.212822
0.1822
0.155797
0.132332
0.112008
0.0948784
0.0802996
0.0679865
0.0576514
0.0488767
0.0413709
0.0349546
0.0294525
0.0245706
0.0200768
0.0162384
0.0119503
0.00955913
0.00131893
0.0100443
-0.740093
0.00372438
0.232898
0.224592
0.223471
0.220353
0.197645
0.171038
0.147557
0.126165
0.107383
0.0913781
0.0775724
0.0658454
0.0559675
0.0475329
0.0402849
0.0340807
0.028772
0.0240207
0.0196534
0.0159081
0.011888
0.00929241
0.00292221
0.00719999
-0.804954
-0.117589
0.148066
0.171878
0.184971
0.194723
0.180472
0.158537
0.138104
0.118856
0.101799
0.0871278
0.074266
0.063272
0.0539606
0.0459386
0.0389991
0.0330488
0.0279723
0.0233727
0.0191515
0.015525
0.0117857
0.00899913
0.00477369
0.00414099
-0.842443
-0.222325
0.0629429
0.11687
0.142479
0.161526
0.157636
0.143682
0.128067
0.111353
0.0958897
0.0824011
0.0704274
0.0602132
0.0515589
0.0440356
0.0374731
0.0318342
0.0270415
0.0226133
0.0185584
0.0150805
0.0116237
0.00871817
0.00608552
0.00167054
-0.879987
-0.31062
-0.0136638
0.0664673
0.102479
0.129166
0.134069
0.125906
0.114115
0.101219
0.0890031
0.0776205
0.0667165
0.0571186
0.0489579
0.0418601
0.035668
0.0303743
0.0259377
0.0217145
0.0178533
0.0145652
0.0113799
0.00843126
0.00682717
-9.30496e-05
-0.915736
-0.383393
-0.0832445
0.0182086
0.0650494
0.0989731
0.111248
0.108151
0.100027
0.0904183
0.0804108
0.0706264
0.0614475
0.0534386
0.0464014
0.0399047
0.0339803
0.0288615
0.0246991
0.020663
0.0169935
0.0139414
0.0110248
0.00810371
0.0072111
-0.00131449
-0.943304
-0.443594
-0.146408
-0.0277259
0.0297172
0.0698884
0.0885933
0.0907489
0.0864119
0.0796767
0.0716844
0.0635275
0.0558809
0.0488946
0.0424671
0.0367321
0.0316887
0.0273973
0.0235806
0.0197648
0.0161812
0.0132772
0.0105644
0.00772207
0.00717162
-0.00192701
-0.962612
-0.494118
-0.20322
-0.0708588
-0.00351167
0.0422254
0.0666265
0.0737649
0.0729913
0.0689806
0.0632065
0.056791
0.0503975
0.0442644
0.0385107
0.0335008
0.0291187
0.0251995
0.0215275
0.0182047
0.0152227
0.0126485
0.0101976
0.00749239
0.00682334
-0.00187108
-0.974783
-0.536202
-0.253592
-0.110915
-0.0347327
0.0159707
0.045338
0.0570884
0.0597461
0.0583786
0.0547386
0.0499432
0.0447777
0.0396566
0.0348018
0.0304656
0.0265351
0.0229009
0.0195806
0.0166698
0.0140551
0.0115217
0.00925822
0.00685177
0.00604831
-0.00119725
-0.980654
-0.570823
-0.297954
-0.147914
-0.0640682
-0.00890947
0.024803
0.0408045
0.0467599
0.0479201
0.0463147
0.0431111
0.0391945
0.0350869
0.0310553
0.0273259
0.0238904
0.0207179
0.0178238
0.0152178
0.0128005
0.0104319
0.00840241
0.00621783
0.00508919
-0.000496409
-0.980752
-0.598803
-0.336734
-0.181797
-0.0914957
-0.0323794
0.00511735
0.0249785
0.0340541
0.0376183
0.037957
0.0363056
0.033612
0.0304856
0.0272576
0.024162
0.0212555
0.0185336
0.0160065
0.0136893
0.0115392
0.0094647
0.00764982
0.00566513
0.004332
0.000109434
-0.975818
-0.620924
-0.370394
-0.212634
-0.117081
-0.0544895
-0.0136987
0.00963478
0.0216405
0.0274945
0.0296922
0.0295461
0.0280492
0.0258902
0.0234622
0.0210038
0.0186161
0.0163282
0.0141683
0.012164
0.0102946
0.00848138
0.00684302
0.00507601
0.00362815
0.00047481
-0.966772
-0.637741
-0.399215
-0.240457
-0.140858
-0.0752674
-0.0316122
-0.0051802
0.0095503
0.0175723
0.0215358
0.0228371
0.0225045
0.0212951
0.019658
0.0178339
0.0159643
0.0141166
0.0123353
0.0106532
0.00906267
0.00750498
0.00606884
0.00452481
0.00318772
0.000664668
-0.954824
-0.650035
-0.423491
-0.265293
-0.162814
-0.0947147
-0.0485969
-0.0194222
-0.00217277
0.00789899
0.0135363
0.0162236
0.0170151
0.0167219
0.0158528
0.0146505
0.0132873
0.0118672
0.0104524
0.00908442
0.00776794
0.00646173
0.0052329
0.00390463
0.00273605
0.00064718
-0.940352
-0.658855
-0.443835
-0.287441
-0.183056
-0.112894
-0.0647049
-0.0331436
-0.0135864
-0.00157608
0.00566173
0.0096846
0.0115942
0.0122179
0.0121057
0.0115366
0.0106955
0.0097135
0.00866996
0.0076206
0.00658527
0.00553738
0.00452388
0.00342527
0.00236314
0.000731369
-0.921607
-0.663945
-0.460326
-0.307085
-0.201631
-0.129714
-0.0797845
-0.0461987
-0.0245891
-0.0108045
-0.00209874
0.00316025
0.00611512
0.00760603
0.00821678
0.00824742
0.00791196
0.00736413
0.00668785
0.00595364
0.00519829
0.00440689
0.00361592
0.00273955
0.00184592
0.000593067
-0.899451
-0.664805
-0.472565
-0.324138
-0.218775
-0.145432
-0.0939457
-0.0585558
-0.0350374
-0.019537
-0.00940342
-0.00294112
0.0010381
0.00338255
0.00470626
0.0053222
0.00547528
0.00534459
0.00502746
0.00460387
0.00411963
0.00357407
0.00299965
0.00233605
0.00163486
0.000664395
)
;

boundaryField
{
    sides
    {
        type            empty;
    }
    inlet
    {
        type            zeroGradient;
    }
    topBot
    {
        type            zeroGradient;
    }
    outlet
    {
        type            fixedValue;
        value           uniform 0;
    }
    wall
    {
        type            zeroGradient;
    }
}


// ************************************************************************* //
