/*--------------------------------*- C++ -*----------------------------------*\
| =========                 |                                                 |
| \\      /  F ield         | OpenFOAM: The Open Source CFD Toolbox           |
|  \\    /   O peration     | Version:  2412                                  |
|   \\  /    A nd           | Website:  www.openfoam.com                      |
|    \\/     M anipulation  |                                                 |
\*---------------------------------------------------------------------------*/
FoamFile
{
    version     2.0;
    format      ascii;
    arch        "LSB;label=32;scalar=64";
    class       volScalarField;
    location    "1500";
    object      nut;
}
// * * * * * * * * * * * * * * * * * * * * * * * * * * * * * * * * * * * * * //

dimensions      [0 2 -1 0 0 0 0];

internalField   nonuniform List<scalar> 
6320
(
1.04464e-09
1.04572e-09
1.04681e-09
1.0479e-09
1.04899e-09
1.05008e-09
1.05117e-09
1.05225e-09
1.05335e-09
1.05436e-09
1.04466e-09
1.04579e-09
1.04692e-09
1.04805e-09
1.04919e-09
1.05032e-09
1.05146e-09
1.05258e-09
1.05375e-09
1.0548e-09
1.04466e-09
1.04579e-09
1.04693e-09
1.04807e-09
1.04921e-09
1.05035e-09
1.05149e-09
1.05264e-09
1.05378e-09
1.05492e-09
1.04465e-09
1.04575e-09
1.04686e-09
1.04797e-09
1.04909e-09
1.0502e-09
1.05132e-09
1.05244e-09
1.05355e-09
1.05468e-09
1.04462e-09
1.04568e-09
1.04673e-09
1.04779e-09
1.04885e-09
1.04992e-09
1.05098e-09
1.05205e-09
1.05311e-09
1.0542e-09
1.04459e-09
1.04557e-09
1.04656e-09
1.04755e-09
1.04854e-09
1.04954e-09
1.05053e-09
1.05153e-09
1.05253e-09
1.05354e-09
1.04455e-09
1.04545e-09
1.04636e-09
1.04727e-09
1.04818e-09
1.04909e-09
1.05001e-09
1.05093e-09
1.05184e-09
1.05278e-09
1.0445e-09
1.04532e-09
1.04614e-09
1.04696e-09
1.04779e-09
1.04861e-09
1.04944e-09
1.05027e-09
1.0511e-09
1.05194e-09
1.04446e-09
1.04519e-09
1.04592e-09
1.04665e-09
1.04738e-09
1.04811e-09
1.04885e-09
1.04959e-09
1.05032e-09
1.05108e-09
1.04441e-09
1.04505e-09
1.04569e-09
1.04633e-09
1.04697e-09
1.04761e-09
1.04825e-09
1.0489e-09
1.04954e-09
1.0502e-09
1.04437e-09
1.04491e-09
1.04546e-09
1.04601e-09
1.04656e-09
1.04711e-09
1.04766e-09
1.04821e-09
1.04876e-09
1.04933e-09
1.04432e-09
1.04478e-09
1.04524e-09
1.04569e-09
1.04615e-09
1.04661e-09
1.04707e-09
1.04753e-09
1.04799e-09
1.04846e-09
1.04428e-09
1.04464e-09
1.04501e-09
1.04538e-09
1.04575e-09
1.04612e-09
1.04648e-09
1.04686e-09
1.04722e-09
1.0476e-09
1.04423e-09
1.04451e-09
1.04478e-09
1.04506e-09
1.04534e-09
1.04561e-09
1.04589e-09
1.04617e-09
1.04645e-09
1.04673e-09
1.04418e-09
1.04436e-09
1.04454e-09
1.04471e-09
1.04489e-09
1.04507e-09
1.04525e-09
1.04543e-09
1.04561e-09
1.0458e-09
1.04413e-09
1.04419e-09
1.04425e-09
1.04431e-09
1.04437e-09
1.04442e-09
1.04446e-09
1.04448e-09
1.0445e-09
1.04452e-09
1.05503e-09
1.0553e-09
1.05556e-09
1.0558e-09
1.05604e-09
1.05628e-09
1.05651e-09
1.05675e-09
1.05698e-09
1.05721e-09
1.05745e-09
1.0577e-09
1.05796e-09
1.05824e-09
1.05854e-09
1.05887e-09
1.05924e-09
1.05965e-09
1.06018e-09
1.06094e-09
1.0614e-09
1.06171e-09
1.06196e-09
1.06219e-09
1.06242e-09
1.06264e-09
1.06287e-09
1.0631e-09
1.06334e-09
1.06358e-09
1.06383e-09
1.06412e-09
1.06433e-09
1.0647e-09
1.0555e-09
1.05582e-09
1.05615e-09
1.05648e-09
1.05682e-09
1.05715e-09
1.05748e-09
1.05781e-09
1.05813e-09
1.05844e-09
1.05875e-09
1.05905e-09
1.05935e-09
1.05964e-09
1.05992e-09
1.0602e-09
1.06048e-09
1.06076e-09
1.06104e-09
1.06133e-09
1.06162e-09
1.06191e-09
1.0622e-09
1.06249e-09
1.06278e-09
1.06306e-09
1.06335e-09
1.06363e-09
1.06391e-09
1.06419e-09
1.06445e-09
1.06473e-09
1.06507e-09
1.06564e-09
1.05569e-09
1.05603e-09
1.05637e-09
1.0567e-09
1.05703e-09
1.05735e-09
1.05768e-09
1.05801e-09
1.05833e-09
1.05866e-09
1.05899e-09
1.05931e-09
1.05964e-09
1.05997e-09
1.06029e-09
1.06062e-09
1.06094e-09
1.06127e-09
1.06161e-09
1.06207e-09
1.06262e-09
1.06303e-09
1.06338e-09
1.0637e-09
1.06402e-09
1.06433e-09
1.06464e-09
1.06495e-09
1.06526e-09
1.06557e-09
1.06588e-09
1.06619e-09
1.06648e-09
1.0668e-09
1.05542e-09
1.05576e-09
1.05608e-09
1.05641e-09
1.05673e-09
1.05706e-09
1.05738e-09
1.0577e-09
1.05803e-09
1.05835e-09
1.05868e-09
1.059e-09
1.05933e-09
1.05965e-09
1.05997e-09
1.06029e-09
1.06062e-09
1.06094e-09
1.06126e-09
1.06159e-09
1.06191e-09
1.06224e-09
1.06257e-09
1.0629e-09
1.06323e-09
1.06356e-09
1.06389e-09
1.06422e-09
1.06455e-09
1.06488e-09
1.06521e-09
1.06555e-09
1.06587e-09
1.06622e-09
1.05492e-09
1.05524e-09
1.05554e-09
1.05585e-09
1.05616e-09
1.05646e-09
1.05677e-09
1.05708e-09
1.05738e-09
1.05769e-09
1.058e-09
1.0583e-09
1.05861e-09
1.05892e-09
1.05923e-09
1.05954e-09
1.05985e-09
1.06017e-09
1.06048e-09
1.0608e-09
1.0611e-09
1.06144e-09
1.06177e-09
1.06209e-09
1.06241e-09
1.06273e-09
1.06305e-09
1.06337e-09
1.06369e-09
1.06402e-09
1.06434e-09
1.06467e-09
1.06499e-09
1.06534e-09
1.05421e-09
1.05451e-09
1.0548e-09
1.05508e-09
1.05537e-09
1.05565e-09
1.05594e-09
1.05623e-09
1.05651e-09
1.0568e-09
1.05709e-09
1.05738e-09
1.05767e-09
1.05796e-09
1.05825e-09
1.05854e-09
1.05883e-09
1.05912e-09
1.05942e-09
1.05971e-09
1.06001e-09
1.0603e-09
1.0606e-09
1.0609e-09
1.06119e-09
1.06149e-09
1.06179e-09
1.0621e-09
1.0624e-09
1.0627e-09
1.06301e-09
1.06332e-09
1.06362e-09
1.06394e-09
1.05339e-09
1.05366e-09
1.05393e-09
1.05419e-09
1.05445e-09
1.05471e-09
1.05497e-09
1.05523e-09
1.0555e-09
1.05576e-09
1.05603e-09
1.05629e-09
1.05656e-09
1.05682e-09
1.05709e-09
1.05736e-09
1.05763e-09
1.0579e-09
1.05817e-09
1.05844e-09
1.05871e-09
1.05899e-09
1.05926e-09
1.05954e-09
1.05982e-09
1.0601e-09
1.06038e-09
1.06066e-09
1.06095e-09
1.06123e-09
1.06152e-09
1.06181e-09
1.0621e-09
1.0624e-09
1.0525e-09
1.05274e-09
1.05298e-09
1.05321e-09
1.05345e-09
1.05369e-09
1.05392e-09
1.05416e-09
1.0544e-09
1.05464e-09
1.05488e-09
1.05512e-09
1.05536e-09
1.0556e-09
1.05584e-09
1.05608e-09
1.05632e-09
1.05657e-09
1.05681e-09
1.05706e-09
1.05731e-09
1.05756e-09
1.0578e-09
1.05805e-09
1.05831e-09
1.05856e-09
1.05881e-09
1.05907e-09
1.05933e-09
1.05958e-09
1.05984e-09
1.06011e-09
1.06037e-09
1.06064e-09
1.05157e-09
1.05178e-09
1.052e-09
1.05221e-09
1.05242e-09
1.05263e-09
1.05284e-09
1.05305e-09
1.05326e-09
1.05347e-09
1.05368e-09
1.05389e-09
1.05411e-09
1.05432e-09
1.05454e-09
1.05475e-09
1.05497e-09
1.05519e-09
1.05541e-09
1.05563e-09
1.05585e-09
1.05607e-09
1.05629e-09
1.05651e-09
1.05674e-09
1.05697e-09
1.05719e-09
1.05742e-09
1.05765e-09
1.05788e-09
1.05812e-09
1.05835e-09
1.05858e-09
1.05883e-09
1.05063e-09
1.05082e-09
1.051e-09
1.05119e-09
1.05137e-09
1.05155e-09
1.05174e-09
1.05192e-09
1.05211e-09
1.05229e-09
1.05248e-09
1.05266e-09
1.05285e-09
1.05304e-09
1.05323e-09
1.05342e-09
1.05361e-09
1.0538e-09
1.05399e-09
1.05418e-09
1.05437e-09
1.05457e-09
1.05476e-09
1.05496e-09
1.05515e-09
1.05535e-09
1.05555e-09
1.05575e-09
1.05595e-09
1.05615e-09
1.05636e-09
1.05656e-09
1.05677e-09
1.05698e-09
1.04969e-09
1.04985e-09
1.05001e-09
1.05017e-09
1.05033e-09
1.05048e-09
1.05064e-09
1.0508e-09
1.05096e-09
1.05112e-09
1.05128e-09
1.05144e-09
1.0516e-09
1.05176e-09
1.05192e-09
1.05208e-09
1.05224e-09
1.05241e-09
1.05257e-09
1.05274e-09
1.0529e-09
1.05307e-09
1.05323e-09
1.0534e-09
1.05357e-09
1.05374e-09
1.05391e-09
1.05408e-09
1.05425e-09
1.05443e-09
1.0546e-09
1.05478e-09
1.05495e-09
1.05513e-09
1.04877e-09
1.04891e-09
1.04904e-09
1.04917e-09
1.0493e-09
1.04943e-09
1.04956e-09
1.0497e-09
1.04983e-09
1.04996e-09
1.05009e-09
1.05023e-09
1.05036e-09
1.0505e-09
1.05063e-09
1.05077e-09
1.0509e-09
1.05104e-09
1.05118e-09
1.05131e-09
1.05145e-09
1.05159e-09
1.05173e-09
1.05187e-09
1.05201e-09
1.05215e-09
1.0523e-09
1.05244e-09
1.05258e-09
1.05273e-09
1.05288e-09
1.05302e-09
1.05317e-09
1.05332e-09
1.04784e-09
1.04795e-09
1.04806e-09
1.04816e-09
1.04827e-09
1.04837e-09
1.04848e-09
1.04859e-09
1.04869e-09
1.0488e-09
1.04891e-09
1.04901e-09
1.04912e-09
1.04923e-09
1.04934e-09
1.04945e-09
1.04956e-09
1.04967e-09
1.04978e-09
1.04989e-09
1.05e-09
1.05011e-09
1.05022e-09
1.05033e-09
1.05045e-09
1.05056e-09
1.05067e-09
1.05079e-09
1.05092e-09
1.05104e-09
1.05115e-09
1.05127e-09
1.05139e-09
1.05151e-09
1.04692e-09
1.047e-09
1.04708e-09
1.04716e-09
1.04724e-09
1.04732e-09
1.0474e-09
1.04749e-09
1.04757e-09
1.04765e-09
1.04773e-09
1.04781e-09
1.04789e-09
1.04797e-09
1.04806e-09
1.04814e-09
1.04823e-09
1.04832e-09
1.04841e-09
1.04851e-09
1.04861e-09
1.04871e-09
1.04882e-09
1.04894e-09
1.04906e-09
1.04918e-09
1.0493e-09
1.04941e-09
1.04952e-09
1.04963e-09
1.04972e-09
1.04981e-09
1.0499e-09
1.05e-09
1.04591e-09
1.04597e-09
1.04602e-09
1.04607e-09
1.04612e-09
1.04617e-09
1.04622e-09
1.04628e-09
1.04633e-09
1.04638e-09
1.04643e-09
1.04648e-09
1.04654e-09
1.04659e-09
1.04665e-09
1.0467e-09
1.04676e-09
1.04682e-09
1.04688e-09
1.04695e-09
1.04701e-09
1.04708e-09
1.04716e-09
1.04723e-09
1.04732e-09
1.0474e-09
1.04749e-09
1.04758e-09
1.04766e-09
1.04775e-09
1.04782e-09
1.04789e-09
1.04796e-09
1.04802e-09
1.04454e-09
1.04455e-09
1.04457e-09
1.04459e-09
1.0446e-09
1.04462e-09
1.04463e-09
1.04464e-09
1.04464e-09
1.04464e-09
1.04465e-09
1.04465e-09
1.04465e-09
1.04466e-09
1.04467e-09
1.04469e-09
1.0447e-09
1.04472e-09
1.04475e-09
1.04477e-09
1.0448e-09
1.04483e-09
1.04486e-09
1.04489e-09
1.04493e-09
1.04496e-09
1.045e-09
1.04504e-09
1.04508e-09
1.04511e-09
1.04514e-09
1.04516e-09
1.04519e-09
1.0452e-09
1.06625e-09
1.06809e-09
1.06956e-09
1.07082e-09
1.07195e-09
1.07319e-09
1.07449e-09
1.07583e-09
1.07719e-09
1.07855e-09
1.07992e-09
1.08128e-09
1.08266e-09
1.08404e-09
1.08542e-09
1.0868e-09
1.08817e-09
1.08955e-09
1.09094e-09
1.09233e-09
1.09372e-09
1.09511e-09
1.0965e-09
1.09794e-09
1.09914e-09
1.10143e-09
1.06665e-09
1.06785e-09
1.06905e-09
1.07024e-09
1.07124e-09
1.07216e-09
1.07315e-09
1.07418e-09
1.07523e-09
1.07628e-09
1.07733e-09
1.07842e-09
1.07933e-09
1.08028e-09
1.08129e-09
1.08234e-09
1.08339e-09
1.08445e-09
1.08551e-09
1.08657e-09
1.08763e-09
1.08869e-09
1.08974e-09
1.09084e-09
1.09175e-09
1.09347e-09
1.06757e-09
1.06845e-09
1.06973e-09
1.07095e-09
1.07197e-09
1.07284e-09
1.07369e-09
1.07463e-09
1.07562e-09
1.07662e-09
1.07762e-09
1.07864e-09
1.07965e-09
1.08062e-09
1.08163e-09
1.08264e-09
1.08366e-09
1.08469e-09
1.08571e-09
1.08674e-09
1.08776e-09
1.08879e-09
1.08981e-09
1.09088e-09
1.09175e-09
1.09345e-09
1.06698e-09
1.06811e-09
1.06918e-09
1.07032e-09
1.07151e-09
1.07262e-09
1.07364e-09
1.07464e-09
1.07565e-09
1.07671e-09
1.07781e-09
1.07891e-09
1.08002e-09
1.08112e-09
1.08224e-09
1.08335e-09
1.08447e-09
1.08558e-09
1.0867e-09
1.08782e-09
1.08895e-09
1.09007e-09
1.09119e-09
1.09236e-09
1.09331e-09
1.09513e-09
1.06602e-09
1.06705e-09
1.068e-09
1.06906e-09
1.07016e-09
1.07124e-09
1.07222e-09
1.07314e-09
1.07405e-09
1.07501e-09
1.07599e-09
1.07699e-09
1.07798e-09
1.07899e-09
1.07999e-09
1.08099e-09
1.082e-09
1.08301e-09
1.08402e-09
1.08503e-09
1.08604e-09
1.08706e-09
1.08806e-09
1.08912e-09
1.08998e-09
1.09165e-09
1.0646e-09
1.06558e-09
1.06655e-09
1.0675e-09
1.06849e-09
1.06949e-09
1.07048e-09
1.07143e-09
1.07234e-09
1.07323e-09
1.07414e-09
1.07505e-09
1.076e-09
1.07696e-09
1.07793e-09
1.07891e-09
1.07988e-09
1.08086e-09
1.08184e-09
1.08282e-09
1.08381e-09
1.08479e-09
1.08575e-09
1.08675e-09
1.08757e-09
1.08917e-09
1.06299e-09
1.06387e-09
1.06474e-09
1.06561e-09
1.06647e-09
1.06733e-09
1.0682e-09
1.06908e-09
1.06993e-09
1.07075e-09
1.07157e-09
1.07241e-09
1.07326e-09
1.07413e-09
1.075e-09
1.07588e-09
1.07675e-09
1.07763e-09
1.07851e-09
1.07939e-09
1.08027e-09
1.08115e-09
1.08203e-09
1.08294e-09
1.08369e-09
1.08513e-09
1.06118e-09
1.06199e-09
1.06279e-09
1.06359e-09
1.06439e-09
1.06519e-09
1.06598e-09
1.06678e-09
1.06758e-09
1.06838e-09
1.06917e-09
1.06994e-09
1.0707e-09
1.07146e-09
1.07223e-09
1.073e-09
1.07378e-09
1.07456e-09
1.07535e-09
1.07614e-09
1.07693e-09
1.07772e-09
1.0785e-09
1.07931e-09
1.07998e-09
1.08129e-09
1.0593e-09
1.06002e-09
1.06072e-09
1.06143e-09
1.06213e-09
1.06283e-09
1.06354e-09
1.06424e-09
1.06494e-09
1.06564e-09
1.06635e-09
1.06705e-09
1.06774e-09
1.06842e-09
1.06911e-09
1.0698e-09
1.0705e-09
1.07121e-09
1.07192e-09
1.07263e-09
1.07334e-09
1.07405e-09
1.07476e-09
1.07549e-09
1.07609e-09
1.07724e-09
1.0574e-09
1.05803e-09
1.05865e-09
1.05927e-09
1.0599e-09
1.06052e-09
1.06114e-09
1.06176e-09
1.06238e-09
1.063e-09
1.06362e-09
1.06424e-09
1.06486e-09
1.06548e-09
1.06611e-09
1.06673e-09
1.06736e-09
1.06797e-09
1.06858e-09
1.06918e-09
1.06978e-09
1.07039e-09
1.07098e-09
1.07161e-09
1.07213e-09
1.07314e-09
1.05549e-09
1.05603e-09
1.05656e-09
1.05709e-09
1.05762e-09
1.05815e-09
1.05868e-09
1.05921e-09
1.05974e-09
1.06027e-09
1.0608e-09
1.06133e-09
1.06186e-09
1.06239e-09
1.06292e-09
1.06346e-09
1.06399e-09
1.06452e-09
1.06505e-09
1.06558e-09
1.0661e-09
1.06662e-09
1.06713e-09
1.06767e-09
1.06812e-09
1.06899e-09
1.05362e-09
1.05407e-09
1.05452e-09
1.05497e-09
1.05541e-09
1.05586e-09
1.0563e-09
1.05675e-09
1.05719e-09
1.05764e-09
1.05808e-09
1.05853e-09
1.05897e-09
1.05942e-09
1.05986e-09
1.06031e-09
1.06075e-09
1.0612e-09
1.06165e-09
1.06209e-09
1.06254e-09
1.06299e-09
1.06343e-09
1.06389e-09
1.06427e-09
1.06499e-09
1.05175e-09
1.05211e-09
1.05247e-09
1.05283e-09
1.05319e-09
1.05354e-09
1.0539e-09
1.05426e-09
1.05461e-09
1.05497e-09
1.05533e-09
1.05569e-09
1.05604e-09
1.0564e-09
1.05676e-09
1.05712e-09
1.05747e-09
1.05783e-09
1.05819e-09
1.05855e-09
1.05891e-09
1.05927e-09
1.05963e-09
1.06e-09
1.0603e-09
1.06088e-09
1.05018e-09
1.05045e-09
1.05072e-09
1.051e-09
1.05127e-09
1.05154e-09
1.05181e-09
1.05208e-09
1.05236e-09
1.05263e-09
1.0529e-09
1.05317e-09
1.05344e-09
1.05371e-09
1.05399e-09
1.05426e-09
1.05453e-09
1.0548e-09
1.05507e-09
1.05535e-09
1.05562e-09
1.05589e-09
1.05615e-09
1.05643e-09
1.05666e-09
1.0571e-09
1.04814e-09
1.04832e-09
1.0485e-09
1.04867e-09
1.04885e-09
1.04903e-09
1.04921e-09
1.04939e-09
1.04957e-09
1.04975e-09
1.04992e-09
1.0501e-09
1.05028e-09
1.05046e-09
1.05064e-09
1.05081e-09
1.05099e-09
1.05117e-09
1.05135e-09
1.05153e-09
1.0517e-09
1.05188e-09
1.05206e-09
1.05224e-09
1.0524e-09
1.05269e-09
1.0452e-09
1.04525e-09
1.04532e-09
1.04539e-09
1.04546e-09
1.04552e-09
1.04559e-09
1.04567e-09
1.04575e-09
1.04583e-09
1.04592e-09
1.04601e-09
1.0461e-09
1.04619e-09
1.04628e-09
1.04636e-09
1.04644e-09
1.04652e-09
1.0466e-09
1.04668e-09
1.04675e-09
1.04683e-09
1.0469e-09
1.04697e-09
1.04705e-09
1.04708e-09
1.04464e-09
1.04572e-09
1.04681e-09
1.0479e-09
1.04899e-09
1.05008e-09
1.05117e-09
1.05225e-09
1.05335e-09
1.05436e-09
1.04466e-09
1.04579e-09
1.04692e-09
1.04805e-09
1.04919e-09
1.05032e-09
1.05146e-09
1.05258e-09
1.05375e-09
1.0548e-09
1.04466e-09
1.04579e-09
1.04693e-09
1.04807e-09
1.04921e-09
1.05035e-09
1.05149e-09
1.05264e-09
1.05378e-09
1.05492e-09
1.04465e-09
1.04575e-09
1.04686e-09
1.04797e-09
1.04909e-09
1.0502e-09
1.05132e-09
1.05244e-09
1.05355e-09
1.05468e-09
1.04462e-09
1.04568e-09
1.04673e-09
1.04779e-09
1.04885e-09
1.04992e-09
1.05098e-09
1.05205e-09
1.05311e-09
1.0542e-09
1.04459e-09
1.04557e-09
1.04656e-09
1.04755e-09
1.04854e-09
1.04954e-09
1.05053e-09
1.05153e-09
1.05253e-09
1.05354e-09
1.04455e-09
1.04545e-09
1.04636e-09
1.04727e-09
1.04818e-09
1.04909e-09
1.05001e-09
1.05093e-09
1.05184e-09
1.05278e-09
1.0445e-09
1.04532e-09
1.04614e-09
1.04696e-09
1.04779e-09
1.04861e-09
1.04944e-09
1.05027e-09
1.0511e-09
1.05194e-09
1.04446e-09
1.04519e-09
1.04592e-09
1.04665e-09
1.04738e-09
1.04811e-09
1.04885e-09
1.04959e-09
1.05032e-09
1.05108e-09
1.04441e-09
1.04505e-09
1.04569e-09
1.04633e-09
1.04697e-09
1.04761e-09
1.04825e-09
1.0489e-09
1.04954e-09
1.0502e-09
1.04437e-09
1.04491e-09
1.04546e-09
1.04601e-09
1.04656e-09
1.04711e-09
1.04766e-09
1.04821e-09
1.04876e-09
1.04933e-09
1.04432e-09
1.04478e-09
1.04524e-09
1.04569e-09
1.04615e-09
1.04661e-09
1.04707e-09
1.04753e-09
1.04799e-09
1.04846e-09
1.04428e-09
1.04464e-09
1.04501e-09
1.04538e-09
1.04575e-09
1.04612e-09
1.04648e-09
1.04686e-09
1.04722e-09
1.0476e-09
1.04423e-09
1.04451e-09
1.04478e-09
1.04506e-09
1.04534e-09
1.04561e-09
1.04589e-09
1.04617e-09
1.04645e-09
1.04673e-09
1.04418e-09
1.04436e-09
1.04454e-09
1.04471e-09
1.04489e-09
1.04507e-09
1.04525e-09
1.04543e-09
1.04561e-09
1.0458e-09
1.04413e-09
1.04419e-09
1.04425e-09
1.04431e-09
1.04437e-09
1.04442e-09
1.04446e-09
1.04448e-09
1.0445e-09
1.04452e-09
1.05503e-09
1.0553e-09
1.05556e-09
1.0558e-09
1.05604e-09
1.05628e-09
1.05651e-09
1.05675e-09
1.05698e-09
1.05721e-09
1.05745e-09
1.0577e-09
1.05796e-09
1.05824e-09
1.05854e-09
1.05887e-09
1.05924e-09
1.05965e-09
1.06018e-09
1.06094e-09
1.0614e-09
1.06171e-09
1.06196e-09
1.06219e-09
1.06242e-09
1.06264e-09
1.06287e-09
1.0631e-09
1.06334e-09
1.06359e-09
1.06383e-09
1.06412e-09
1.06433e-09
1.0647e-09
1.0555e-09
1.05582e-09
1.05615e-09
1.05648e-09
1.05682e-09
1.05715e-09
1.05748e-09
1.05781e-09
1.05813e-09
1.05844e-09
1.05875e-09
1.05905e-09
1.05935e-09
1.05964e-09
1.05992e-09
1.0602e-09
1.06048e-09
1.06076e-09
1.06104e-09
1.06133e-09
1.06162e-09
1.06191e-09
1.0622e-09
1.06249e-09
1.06278e-09
1.06306e-09
1.06335e-09
1.06363e-09
1.06391e-09
1.06419e-09
1.06445e-09
1.06473e-09
1.06507e-09
1.06564e-09
1.05569e-09
1.05603e-09
1.05636e-09
1.0567e-09
1.05703e-09
1.05735e-09
1.05768e-09
1.05801e-09
1.05833e-09
1.05866e-09
1.05899e-09
1.05931e-09
1.05964e-09
1.05997e-09
1.06029e-09
1.06062e-09
1.06094e-09
1.06127e-09
1.06161e-09
1.06207e-09
1.06262e-09
1.06303e-09
1.06338e-09
1.0637e-09
1.06402e-09
1.06433e-09
1.06464e-09
1.06495e-09
1.06526e-09
1.06557e-09
1.06588e-09
1.06619e-09
1.06648e-09
1.0668e-09
1.05542e-09
1.05576e-09
1.05608e-09
1.05641e-09
1.05673e-09
1.05706e-09
1.05738e-09
1.0577e-09
1.05803e-09
1.05835e-09
1.05868e-09
1.059e-09
1.05933e-09
1.05965e-09
1.05997e-09
1.06029e-09
1.06062e-09
1.06094e-09
1.06126e-09
1.06159e-09
1.06191e-09
1.06224e-09
1.06257e-09
1.0629e-09
1.06323e-09
1.06356e-09
1.06389e-09
1.06422e-09
1.06455e-09
1.06488e-09
1.06521e-09
1.06555e-09
1.06587e-09
1.06622e-09
1.05492e-09
1.05524e-09
1.05554e-09
1.05585e-09
1.05616e-09
1.05646e-09
1.05677e-09
1.05708e-09
1.05738e-09
1.05769e-09
1.058e-09
1.0583e-09
1.05861e-09
1.05892e-09
1.05923e-09
1.05954e-09
1.05985e-09
1.06017e-09
1.06048e-09
1.0608e-09
1.0611e-09
1.06144e-09
1.06177e-09
1.06209e-09
1.06241e-09
1.06273e-09
1.06305e-09
1.06337e-09
1.06369e-09
1.06402e-09
1.06434e-09
1.06467e-09
1.065e-09
1.06534e-09
1.05421e-09
1.05451e-09
1.0548e-09
1.05508e-09
1.05537e-09
1.05565e-09
1.05594e-09
1.05623e-09
1.05651e-09
1.0568e-09
1.05709e-09
1.05738e-09
1.05767e-09
1.05796e-09
1.05825e-09
1.05854e-09
1.05883e-09
1.05912e-09
1.05942e-09
1.05971e-09
1.06001e-09
1.0603e-09
1.0606e-09
1.0609e-09
1.06119e-09
1.06149e-09
1.06179e-09
1.0621e-09
1.0624e-09
1.0627e-09
1.06301e-09
1.06332e-09
1.06362e-09
1.06394e-09
1.05339e-09
1.05366e-09
1.05393e-09
1.05419e-09
1.05445e-09
1.05471e-09
1.05497e-09
1.05523e-09
1.0555e-09
1.05576e-09
1.05603e-09
1.05629e-09
1.05656e-09
1.05682e-09
1.05709e-09
1.05736e-09
1.05763e-09
1.0579e-09
1.05817e-09
1.05844e-09
1.05871e-09
1.05899e-09
1.05926e-09
1.05954e-09
1.05982e-09
1.0601e-09
1.06038e-09
1.06066e-09
1.06095e-09
1.06123e-09
1.06152e-09
1.06181e-09
1.0621e-09
1.0624e-09
1.0525e-09
1.05274e-09
1.05298e-09
1.05321e-09
1.05345e-09
1.05369e-09
1.05392e-09
1.05416e-09
1.0544e-09
1.05464e-09
1.05488e-09
1.05511e-09
1.05536e-09
1.0556e-09
1.05584e-09
1.05608e-09
1.05632e-09
1.05657e-09
1.05681e-09
1.05706e-09
1.05731e-09
1.05756e-09
1.0578e-09
1.05806e-09
1.05831e-09
1.05856e-09
1.05881e-09
1.05907e-09
1.05933e-09
1.05958e-09
1.05984e-09
1.06011e-09
1.06037e-09
1.06064e-09
1.05157e-09
1.05178e-09
1.052e-09
1.05221e-09
1.05242e-09
1.05263e-09
1.05284e-09
1.05305e-09
1.05326e-09
1.05347e-09
1.05368e-09
1.05389e-09
1.05411e-09
1.05432e-09
1.05454e-09
1.05475e-09
1.05497e-09
1.05519e-09
1.05541e-09
1.05563e-09
1.05585e-09
1.05607e-09
1.05629e-09
1.05652e-09
1.05674e-09
1.05697e-09
1.05719e-09
1.05742e-09
1.05765e-09
1.05788e-09
1.05812e-09
1.05835e-09
1.05858e-09
1.05883e-09
1.05063e-09
1.05082e-09
1.051e-09
1.05119e-09
1.05137e-09
1.05155e-09
1.05174e-09
1.05192e-09
1.05211e-09
1.05229e-09
1.05248e-09
1.05266e-09
1.05285e-09
1.05304e-09
1.05323e-09
1.05342e-09
1.05361e-09
1.0538e-09
1.05399e-09
1.05418e-09
1.05437e-09
1.05457e-09
1.05476e-09
1.05496e-09
1.05515e-09
1.05535e-09
1.05555e-09
1.05575e-09
1.05595e-09
1.05615e-09
1.05636e-09
1.05656e-09
1.05677e-09
1.05698e-09
1.04969e-09
1.04985e-09
1.05001e-09
1.05017e-09
1.05033e-09
1.05048e-09
1.05064e-09
1.0508e-09
1.05096e-09
1.05112e-09
1.05128e-09
1.05144e-09
1.0516e-09
1.05176e-09
1.05192e-09
1.05208e-09
1.05224e-09
1.05241e-09
1.05257e-09
1.05274e-09
1.0529e-09
1.05307e-09
1.05323e-09
1.0534e-09
1.05357e-09
1.05374e-09
1.05391e-09
1.05408e-09
1.05425e-09
1.05443e-09
1.0546e-09
1.05478e-09
1.05495e-09
1.05513e-09
1.04877e-09
1.04891e-09
1.04904e-09
1.04917e-09
1.0493e-09
1.04943e-09
1.04956e-09
1.0497e-09
1.04983e-09
1.04996e-09
1.05009e-09
1.05023e-09
1.05036e-09
1.0505e-09
1.05063e-09
1.05077e-09
1.0509e-09
1.05104e-09
1.05118e-09
1.05131e-09
1.05145e-09
1.05159e-09
1.05173e-09
1.05187e-09
1.05201e-09
1.05215e-09
1.0523e-09
1.05244e-09
1.05258e-09
1.05273e-09
1.05288e-09
1.05302e-09
1.05317e-09
1.05332e-09
1.04784e-09
1.04795e-09
1.04806e-09
1.04816e-09
1.04827e-09
1.04837e-09
1.04848e-09
1.04859e-09
1.04869e-09
1.0488e-09
1.04891e-09
1.04901e-09
1.04912e-09
1.04923e-09
1.04934e-09
1.04945e-09
1.04956e-09
1.04967e-09
1.04978e-09
1.04989e-09
1.05e-09
1.05011e-09
1.05022e-09
1.05033e-09
1.05045e-09
1.05056e-09
1.05067e-09
1.05079e-09
1.05092e-09
1.05104e-09
1.05115e-09
1.05127e-09
1.05139e-09
1.05151e-09
1.04692e-09
1.047e-09
1.04708e-09
1.04716e-09
1.04724e-09
1.04732e-09
1.0474e-09
1.04749e-09
1.04757e-09
1.04765e-09
1.04773e-09
1.04781e-09
1.04789e-09
1.04797e-09
1.04806e-09
1.04814e-09
1.04823e-09
1.04832e-09
1.04841e-09
1.04851e-09
1.04861e-09
1.04871e-09
1.04882e-09
1.04894e-09
1.04906e-09
1.04918e-09
1.0493e-09
1.04941e-09
1.04952e-09
1.04963e-09
1.04972e-09
1.04981e-09
1.0499e-09
1.05e-09
1.04591e-09
1.04597e-09
1.04602e-09
1.04607e-09
1.04612e-09
1.04617e-09
1.04622e-09
1.04628e-09
1.04633e-09
1.04638e-09
1.04643e-09
1.04648e-09
1.04654e-09
1.04659e-09
1.04665e-09
1.0467e-09
1.04676e-09
1.04682e-09
1.04688e-09
1.04695e-09
1.04701e-09
1.04708e-09
1.04716e-09
1.04723e-09
1.04732e-09
1.0474e-09
1.04749e-09
1.04758e-09
1.04766e-09
1.04775e-09
1.04782e-09
1.04789e-09
1.04796e-09
1.04802e-09
1.04454e-09
1.04455e-09
1.04457e-09
1.04459e-09
1.0446e-09
1.04462e-09
1.04463e-09
1.04464e-09
1.04464e-09
1.04464e-09
1.04465e-09
1.04465e-09
1.04465e-09
1.04466e-09
1.04467e-09
1.04469e-09
1.0447e-09
1.04472e-09
1.04475e-09
1.04477e-09
1.0448e-09
1.04483e-09
1.04486e-09
1.04489e-09
1.04493e-09
1.04496e-09
1.045e-09
1.04504e-09
1.04508e-09
1.04511e-09
1.04514e-09
1.04516e-09
1.04519e-09
1.0452e-09
1.06625e-09
1.06809e-09
1.06956e-09
1.07082e-09
1.07195e-09
1.07319e-09
1.0745e-09
1.07584e-09
1.07719e-09
1.07855e-09
1.07992e-09
1.08128e-09
1.08266e-09
1.08405e-09
1.08543e-09
1.0868e-09
1.08818e-09
1.08956e-09
1.09094e-09
1.09233e-09
1.09372e-09
1.09512e-09
1.0965e-09
1.09795e-09
1.09914e-09
1.10143e-09
1.06665e-09
1.06785e-09
1.06905e-09
1.07024e-09
1.07125e-09
1.07216e-09
1.07315e-09
1.07418e-09
1.07523e-09
1.07629e-09
1.07733e-09
1.07842e-09
1.07933e-09
1.08028e-09
1.08129e-09
1.08234e-09
1.08339e-09
1.08445e-09
1.08551e-09
1.08657e-09
1.08763e-09
1.08869e-09
1.08975e-09
1.09085e-09
1.09175e-09
1.09348e-09
1.06757e-09
1.06845e-09
1.06974e-09
1.07095e-09
1.07197e-09
1.07284e-09
1.07369e-09
1.07463e-09
1.07562e-09
1.07662e-09
1.07763e-09
1.07864e-09
1.07965e-09
1.08062e-09
1.08163e-09
1.08265e-09
1.08367e-09
1.08469e-09
1.08571e-09
1.08674e-09
1.08776e-09
1.08879e-09
1.08981e-09
1.09088e-09
1.09176e-09
1.09345e-09
1.06698e-09
1.06812e-09
1.06918e-09
1.07032e-09
1.07152e-09
1.07262e-09
1.07364e-09
1.07464e-09
1.07565e-09
1.07672e-09
1.07781e-09
1.07891e-09
1.08002e-09
1.08113e-09
1.08224e-09
1.08335e-09
1.08447e-09
1.08559e-09
1.08671e-09
1.08783e-09
1.08895e-09
1.09008e-09
1.09119e-09
1.09236e-09
1.09331e-09
1.09514e-09
1.06602e-09
1.06705e-09
1.068e-09
1.06906e-09
1.07016e-09
1.07124e-09
1.07222e-09
1.07314e-09
1.07405e-09
1.07501e-09
1.07599e-09
1.07699e-09
1.07799e-09
1.07899e-09
1.07999e-09
1.081e-09
1.082e-09
1.08301e-09
1.08402e-09
1.08503e-09
1.08604e-09
1.08706e-09
1.08807e-09
1.08912e-09
1.08998e-09
1.09165e-09
1.0646e-09
1.06558e-09
1.06655e-09
1.0675e-09
1.06849e-09
1.06949e-09
1.07048e-09
1.07143e-09
1.07234e-09
1.07323e-09
1.07414e-09
1.07505e-09
1.076e-09
1.07696e-09
1.07793e-09
1.07891e-09
1.07988e-09
1.08086e-09
1.08184e-09
1.08282e-09
1.08381e-09
1.08479e-09
1.08575e-09
1.08676e-09
1.08758e-09
1.08917e-09
1.06299e-09
1.06387e-09
1.06474e-09
1.06561e-09
1.06647e-09
1.06733e-09
1.0682e-09
1.06908e-09
1.06993e-09
1.07076e-09
1.07157e-09
1.07241e-09
1.07326e-09
1.07413e-09
1.075e-09
1.07588e-09
1.07676e-09
1.07763e-09
1.07851e-09
1.07939e-09
1.08027e-09
1.08115e-09
1.08203e-09
1.08295e-09
1.0837e-09
1.08513e-09
1.06118e-09
1.06199e-09
1.06279e-09
1.06359e-09
1.06439e-09
1.06519e-09
1.06598e-09
1.06678e-09
1.06758e-09
1.06838e-09
1.06917e-09
1.06994e-09
1.0707e-09
1.07146e-09
1.07223e-09
1.073e-09
1.07378e-09
1.07457e-09
1.07535e-09
1.07614e-09
1.07693e-09
1.07772e-09
1.0785e-09
1.07931e-09
1.07998e-09
1.08129e-09
1.0593e-09
1.06002e-09
1.06072e-09
1.06143e-09
1.06213e-09
1.06283e-09
1.06354e-09
1.06424e-09
1.06494e-09
1.06564e-09
1.06635e-09
1.06705e-09
1.06774e-09
1.06843e-09
1.06911e-09
1.0698e-09
1.0705e-09
1.07121e-09
1.07192e-09
1.07263e-09
1.07334e-09
1.07405e-09
1.07476e-09
1.07549e-09
1.07609e-09
1.07724e-09
1.0574e-09
1.05803e-09
1.05865e-09
1.05927e-09
1.0599e-09
1.06052e-09
1.06114e-09
1.06176e-09
1.06238e-09
1.063e-09
1.06362e-09
1.06424e-09
1.06486e-09
1.06548e-09
1.06611e-09
1.06673e-09
1.06736e-09
1.06797e-09
1.06858e-09
1.06918e-09
1.06978e-09
1.07039e-09
1.07098e-09
1.07161e-09
1.07213e-09
1.07314e-09
1.05549e-09
1.05603e-09
1.05656e-09
1.05709e-09
1.05762e-09
1.05815e-09
1.05868e-09
1.05921e-09
1.05974e-09
1.06027e-09
1.0608e-09
1.06133e-09
1.06186e-09
1.06239e-09
1.06293e-09
1.06346e-09
1.06399e-09
1.06452e-09
1.06505e-09
1.06558e-09
1.0661e-09
1.06662e-09
1.06713e-09
1.06768e-09
1.06812e-09
1.06899e-09
1.05362e-09
1.05407e-09
1.05452e-09
1.05497e-09
1.05541e-09
1.05586e-09
1.0563e-09
1.05675e-09
1.05719e-09
1.05764e-09
1.05808e-09
1.05853e-09
1.05897e-09
1.05942e-09
1.05986e-09
1.06031e-09
1.06075e-09
1.0612e-09
1.06165e-09
1.06209e-09
1.06254e-09
1.06299e-09
1.06343e-09
1.06389e-09
1.06427e-09
1.06499e-09
1.05175e-09
1.05211e-09
1.05247e-09
1.05283e-09
1.05319e-09
1.05354e-09
1.0539e-09
1.05426e-09
1.05462e-09
1.05497e-09
1.05533e-09
1.05569e-09
1.05604e-09
1.0564e-09
1.05676e-09
1.05712e-09
1.05747e-09
1.05783e-09
1.05819e-09
1.05855e-09
1.05891e-09
1.05927e-09
1.05963e-09
1.06e-09
1.0603e-09
1.06088e-09
1.05018e-09
1.05045e-09
1.05072e-09
1.051e-09
1.05127e-09
1.05154e-09
1.05181e-09
1.05208e-09
1.05236e-09
1.05263e-09
1.0529e-09
1.05317e-09
1.05344e-09
1.05371e-09
1.05399e-09
1.05426e-09
1.05453e-09
1.0548e-09
1.05507e-09
1.05535e-09
1.05562e-09
1.05589e-09
1.05615e-09
1.05643e-09
1.05666e-09
1.0571e-09
1.04814e-09
1.04832e-09
1.0485e-09
1.04867e-09
1.04885e-09
1.04903e-09
1.04921e-09
1.04939e-09
1.04957e-09
1.04975e-09
1.04992e-09
1.0501e-09
1.05028e-09
1.05046e-09
1.05064e-09
1.05081e-09
1.05099e-09
1.05117e-09
1.05135e-09
1.05153e-09
1.0517e-09
1.05188e-09
1.05206e-09
1.05224e-09
1.0524e-09
1.05269e-09
1.0452e-09
1.04525e-09
1.04532e-09
1.04539e-09
1.04546e-09
1.04552e-09
1.04559e-09
1.04567e-09
1.04575e-09
1.04583e-09
1.04592e-09
1.04601e-09
1.0461e-09
1.04619e-09
1.04628e-09
1.04636e-09
1.04644e-09
1.04652e-09
1.0466e-09
1.04668e-09
1.04675e-09
1.04683e-09
1.0469e-09
1.04697e-09
1.04705e-09
1.04708e-09
1.04461e-09
1.04565e-09
1.04669e-09
1.04773e-09
1.04877e-09
1.04981e-09
1.05083e-09
1.05191e-09
1.0528e-09
1.05414e-09
1.04459e-09
1.0456e-09
1.0466e-09
1.04761e-09
1.04861e-09
1.04961e-09
1.05061e-09
1.05162e-09
1.05252e-09
1.05381e-09
1.04457e-09
1.04554e-09
1.0465e-09
1.04747e-09
1.04843e-09
1.0494e-09
1.05035e-09
1.05131e-09
1.05221e-09
1.05335e-09
1.04455e-09
1.04547e-09
1.04639e-09
1.04732e-09
1.04824e-09
1.04915e-09
1.05007e-09
1.05097e-09
1.05189e-09
1.05284e-09
1.04453e-09
1.0454e-09
1.04628e-09
1.04715e-09
1.04802e-09
1.04889e-09
1.04977e-09
1.05059e-09
1.05153e-09
1.0523e-09
1.0445e-09
1.04532e-09
1.04615e-09
1.04697e-09
1.04779e-09
1.0486e-09
1.04944e-09
1.05018e-09
1.05113e-09
1.0517e-09
1.04448e-09
1.04524e-09
1.04601e-09
1.04677e-09
1.04754e-09
1.0483e-09
1.04908e-09
1.04975e-09
1.05071e-09
1.05105e-09
1.04445e-09
1.04515e-09
1.04586e-09
1.04657e-09
1.04727e-09
1.04797e-09
1.0487e-09
1.04929e-09
1.05023e-09
1.05047e-09
1.04442e-09
1.04506e-09
1.0457e-09
1.04634e-09
1.04699e-09
1.04762e-09
1.04829e-09
1.04881e-09
1.04966e-09
1.05005e-09
1.04438e-09
1.04496e-09
1.04553e-09
1.04611e-09
1.04669e-09
1.04725e-09
1.04785e-09
1.04832e-09
1.04907e-09
1.04959e-09
1.04435e-09
1.04485e-09
1.04536e-09
1.04587e-09
1.04637e-09
1.04687e-09
1.0474e-09
1.0478e-09
1.04846e-09
1.04906e-09
1.04431e-09
1.04474e-09
1.04518e-09
1.04561e-09
1.04605e-09
1.04647e-09
1.04692e-09
1.04726e-09
1.04782e-09
1.04846e-09
1.04427e-09
1.04463e-09
1.04499e-09
1.04535e-09
1.04571e-09
1.04605e-09
1.04643e-09
1.04671e-09
1.04717e-09
1.04779e-09
1.04423e-09
1.04452e-09
1.0448e-09
1.04508e-09
1.04536e-09
1.04563e-09
1.04593e-09
1.04614e-09
1.0465e-09
1.04706e-09
1.0442e-09
1.0444e-09
1.0446e-09
1.0448e-09
1.045e-09
1.0452e-09
1.04541e-09
1.04556e-09
1.04582e-09
1.04627e-09
1.04416e-09
1.04428e-09
1.0444e-09
1.04452e-09
1.04464e-09
1.04476e-09
1.04489e-09
1.04498e-09
1.04513e-09
1.04542e-09
1.04412e-09
1.04416e-09
1.0442e-09
1.04424e-09
1.04428e-09
1.04432e-09
1.04436e-09
1.04439e-09
1.04445e-09
1.04455e-09
1.04412e-09
1.04416e-09
1.0442e-09
1.04424e-09
1.04428e-09
1.04432e-09
1.04436e-09
1.04439e-09
1.04445e-09
1.04455e-09
1.04416e-09
1.04428e-09
1.0444e-09
1.04452e-09
1.04464e-09
1.04476e-09
1.04489e-09
1.04498e-09
1.04513e-09
1.04542e-09
1.0442e-09
1.0444e-09
1.0446e-09
1.0448e-09
1.045e-09
1.0452e-09
1.04541e-09
1.04556e-09
1.04582e-09
1.04626e-09
1.04423e-09
1.04452e-09
1.0448e-09
1.04508e-09
1.04536e-09
1.04563e-09
1.04593e-09
1.04614e-09
1.0465e-09
1.04706e-09
1.04427e-09
1.04463e-09
1.04499e-09
1.04535e-09
1.04571e-09
1.04605e-09
1.04643e-09
1.04671e-09
1.04717e-09
1.04779e-09
1.04431e-09
1.04474e-09
1.04518e-09
1.04561e-09
1.04605e-09
1.04647e-09
1.04692e-09
1.04726e-09
1.04782e-09
1.04846e-09
1.04435e-09
1.04485e-09
1.04536e-09
1.04587e-09
1.04637e-09
1.04687e-09
1.0474e-09
1.0478e-09
1.04846e-09
1.04906e-09
1.04438e-09
1.04496e-09
1.04553e-09
1.04611e-09
1.04669e-09
1.04725e-09
1.04785e-09
1.04832e-09
1.04907e-09
1.04959e-09
1.04442e-09
1.04506e-09
1.0457e-09
1.04634e-09
1.04699e-09
1.04762e-09
1.04829e-09
1.04881e-09
1.04966e-09
1.05005e-09
1.04445e-09
1.04515e-09
1.04586e-09
1.04657e-09
1.04727e-09
1.04797e-09
1.0487e-09
1.04929e-09
1.05023e-09
1.05047e-09
1.04448e-09
1.04524e-09
1.04601e-09
1.04677e-09
1.04754e-09
1.0483e-09
1.04908e-09
1.04975e-09
1.05071e-09
1.05105e-09
1.0445e-09
1.04532e-09
1.04615e-09
1.04697e-09
1.04779e-09
1.0486e-09
1.04944e-09
1.05018e-09
1.05113e-09
1.0517e-09
1.04453e-09
1.0454e-09
1.04628e-09
1.04715e-09
1.04802e-09
1.04889e-09
1.04977e-09
1.05059e-09
1.05153e-09
1.0523e-09
1.04455e-09
1.04547e-09
1.04639e-09
1.04732e-09
1.04824e-09
1.04915e-09
1.05007e-09
1.05097e-09
1.05189e-09
1.05284e-09
1.04457e-09
1.04554e-09
1.0465e-09
1.04747e-09
1.04843e-09
1.0494e-09
1.05035e-09
1.05131e-09
1.05221e-09
1.05335e-09
1.04459e-09
1.0456e-09
1.0466e-09
1.04761e-09
1.04861e-09
1.04961e-09
1.05061e-09
1.05162e-09
1.05252e-09
1.05381e-09
1.04461e-09
1.04565e-09
1.04669e-09
1.04773e-09
1.04877e-09
1.04981e-09
1.05083e-09
1.05191e-09
1.0528e-09
1.05414e-09
1.05455e-09
1.05449e-09
1.05417e-09
1.05373e-09
1.05332e-09
1.05299e-09
1.05272e-09
1.05248e-09
1.05224e-09
1.05197e-09
1.05165e-09
1.05129e-09
1.05092e-09
1.05047e-09
1.05007e-09
1.04941e-09
1.04929e-09
1.04605e-09
1.06087e-09
1.05371e-09
1.05332e-09
1.05285e-09
1.0524e-09
1.05202e-09
1.05169e-09
1.0514e-09
1.0511e-09
1.05078e-09
1.05043e-09
1.05003e-09
1.04962e-09
1.04921e-09
1.0488e-09
1.0484e-09
1.04798e-09
1.04781e-09
1.04558e-09
1.05892e-09
1.05331e-09
1.05303e-09
1.05266e-09
1.05227e-09
1.05191e-09
1.05158e-09
1.05127e-09
1.05094e-09
1.05059e-09
1.05021e-09
1.0498e-09
1.04939e-09
1.04899e-09
1.0486e-09
1.0482e-09
1.04784e-09
1.04758e-09
1.04555e-09
1.05731e-09
1.05272e-09
1.05239e-09
1.05201e-09
1.05166e-09
1.05137e-09
1.0511e-09
1.05082e-09
1.0505e-09
1.05015e-09
1.04977e-09
1.04938e-09
1.04899e-09
1.04861e-09
1.04824e-09
1.04787e-09
1.04752e-09
1.04732e-09
1.04556e-09
1.05553e-09
1.05213e-09
1.05183e-09
1.05153e-09
1.05128e-09
1.05105e-09
1.0508e-09
1.05052e-09
1.05019e-09
1.04984e-09
1.04947e-09
1.0491e-09
1.04873e-09
1.04837e-09
1.04803e-09
1.04769e-09
1.04736e-09
1.04717e-09
1.04561e-09
1.05398e-09
1.05152e-09
1.05128e-09
1.05108e-09
1.05088e-09
1.05067e-09
1.05042e-09
1.05013e-09
1.0498e-09
1.04945e-09
1.0491e-09
1.04875e-09
1.0484e-09
1.04806e-09
1.04774e-09
1.04742e-09
1.04711e-09
1.04694e-09
1.04558e-09
1.0525e-09
1.05094e-09
1.05082e-09
1.05068e-09
1.05051e-09
1.05029e-09
1.05003e-09
1.04973e-09
1.0494e-09
1.04907e-09
1.04873e-09
1.0484e-09
1.04807e-09
1.04776e-09
1.04746e-09
1.04717e-09
1.04688e-09
1.04673e-09
1.04554e-09
1.05116e-09
1.05049e-09
1.05043e-09
1.0503e-09
1.05011e-09
1.04987e-09
1.04959e-09
1.04929e-09
1.04898e-09
1.04866e-09
1.04834e-09
1.04803e-09
1.04773e-09
1.04744e-09
1.04716e-09
1.0469e-09
1.04663e-09
1.0465e-09
1.04546e-09
1.04996e-09
1.05012e-09
1.05003e-09
1.04987e-09
1.04965e-09
1.0494e-09
1.04912e-09
1.04883e-09
1.04854e-09
1.04824e-09
1.04794e-09
1.04765e-09
1.04737e-09
1.0471e-09
1.04685e-09
1.04661e-09
1.04637e-09
1.04626e-09
1.04537e-09
1.04892e-09
1.04966e-09
1.04955e-09
1.04937e-09
1.04915e-09
1.0489e-09
1.04863e-09
1.04835e-09
1.04807e-09
1.04779e-09
1.04752e-09
1.04725e-09
1.047e-09
1.04676e-09
1.04653e-09
1.04632e-09
1.04611e-09
1.04601e-09
1.04526e-09
1.04805e-09
1.04914e-09
1.04902e-09
1.04883e-09
1.0486e-09
1.04835e-09
1.0481e-09
1.04784e-09
1.04758e-09
1.04733e-09
1.04708e-09
1.04684e-09
1.04661e-09
1.0464e-09
1.0462e-09
1.04602e-09
1.04585e-09
1.04575e-09
1.04515e-09
1.04733e-09
1.04854e-09
1.04842e-09
1.04822e-09
1.048e-09
1.04777e-09
1.04754e-09
1.0473e-09
1.04707e-09
1.04684e-09
1.04662e-09
1.04641e-09
1.04621e-09
1.04603e-09
1.04587e-09
1.04572e-09
1.04558e-09
1.04549e-09
1.04507e-09
1.0467e-09
1.04787e-09
1.04774e-09
1.04756e-09
1.04736e-09
1.04715e-09
1.04694e-09
1.04674e-09
1.04653e-09
1.04634e-09
1.04615e-09
1.04597e-09
1.04581e-09
1.04566e-09
1.04553e-09
1.04542e-09
1.04532e-09
1.04522e-09
1.04504e-09
1.04604e-09
1.04712e-09
1.04701e-09
1.04685e-09
1.04667e-09
1.04649e-09
1.04632e-09
1.04614e-09
1.04598e-09
1.04582e-09
1.04567e-09
1.04554e-09
1.04541e-09
1.04531e-09
1.04522e-09
1.04513e-09
1.04507e-09
1.04495e-09
1.04504e-09
1.04513e-09
1.04631e-09
1.04621e-09
1.04608e-09
1.04594e-09
1.0458e-09
1.04566e-09
1.04553e-09
1.04541e-09
1.04531e-09
1.04521e-09
1.04512e-09
1.04504e-09
1.04498e-09
1.04493e-09
1.04487e-09
1.04485e-09
1.04471e-09
1.04507e-09
1.04389e-09
1.04543e-09
1.04536e-09
1.04527e-09
1.04518e-09
1.0451e-09
1.04503e-09
1.04496e-09
1.0449e-09
1.04485e-09
1.0448e-09
1.04477e-09
1.04474e-09
1.04471e-09
1.04469e-09
1.04467e-09
1.04467e-09
1.04453e-09
1.04506e-09
1.04287e-09
1.04457e-09
1.04457e-09
1.04456e-09
1.04456e-09
1.04455e-09
1.04455e-09
1.04455e-09
1.04454e-09
1.04454e-09
1.04454e-09
1.04454e-09
1.04454e-09
1.04454e-09
1.04454e-09
1.04454e-09
1.04455e-09
1.04444e-09
1.04501e-09
1.04254e-09
1.04457e-09
1.04457e-09
1.04456e-09
1.04456e-09
1.04455e-09
1.04455e-09
1.04455e-09
1.04454e-09
1.04454e-09
1.04454e-09
1.04454e-09
1.04454e-09
1.04454e-09
1.04454e-09
1.04454e-09
1.04455e-09
1.04444e-09
1.04501e-09
1.04254e-09
1.04543e-09
1.04536e-09
1.04527e-09
1.04518e-09
1.0451e-09
1.04503e-09
1.04496e-09
1.0449e-09
1.04485e-09
1.0448e-09
1.04477e-09
1.04474e-09
1.04471e-09
1.04469e-09
1.04467e-09
1.04467e-09
1.04453e-09
1.04506e-09
1.04287e-09
1.04631e-09
1.04621e-09
1.04608e-09
1.04594e-09
1.0458e-09
1.04566e-09
1.04553e-09
1.04541e-09
1.04531e-09
1.04521e-09
1.04512e-09
1.04504e-09
1.04498e-09
1.04493e-09
1.04487e-09
1.04485e-09
1.04471e-09
1.04507e-09
1.04389e-09
1.04712e-09
1.04701e-09
1.04685e-09
1.04667e-09
1.04649e-09
1.04632e-09
1.04614e-09
1.04598e-09
1.04582e-09
1.04567e-09
1.04554e-09
1.04541e-09
1.04531e-09
1.04522e-09
1.04513e-09
1.04507e-09
1.04495e-09
1.04504e-09
1.04513e-09
1.04787e-09
1.04774e-09
1.04756e-09
1.04736e-09
1.04715e-09
1.04694e-09
1.04674e-09
1.04653e-09
1.04634e-09
1.04615e-09
1.04597e-09
1.04581e-09
1.04566e-09
1.04553e-09
1.04542e-09
1.04532e-09
1.04521e-09
1.04504e-09
1.04604e-09
1.04854e-09
1.04842e-09
1.04822e-09
1.048e-09
1.04777e-09
1.04754e-09
1.0473e-09
1.04707e-09
1.04684e-09
1.04662e-09
1.04641e-09
1.04621e-09
1.04603e-09
1.04586e-09
1.04572e-09
1.04558e-09
1.04549e-09
1.04507e-09
1.0467e-09
1.04914e-09
1.04902e-09
1.04883e-09
1.0486e-09
1.04835e-09
1.0481e-09
1.04784e-09
1.04758e-09
1.04733e-09
1.04708e-09
1.04684e-09
1.04661e-09
1.0464e-09
1.0462e-09
1.04602e-09
1.04584e-09
1.04575e-09
1.04515e-09
1.04732e-09
1.04966e-09
1.04955e-09
1.04937e-09
1.04915e-09
1.0489e-09
1.04863e-09
1.04835e-09
1.04807e-09
1.04779e-09
1.04752e-09
1.04725e-09
1.047e-09
1.04676e-09
1.04653e-09
1.04632e-09
1.04611e-09
1.04601e-09
1.04525e-09
1.04805e-09
1.05012e-09
1.05003e-09
1.04987e-09
1.04965e-09
1.0494e-09
1.04912e-09
1.04883e-09
1.04854e-09
1.04824e-09
1.04794e-09
1.04765e-09
1.04737e-09
1.0471e-09
1.04685e-09
1.04661e-09
1.04637e-09
1.04626e-09
1.04537e-09
1.04892e-09
1.05049e-09
1.05043e-09
1.0503e-09
1.05011e-09
1.04987e-09
1.04959e-09
1.04929e-09
1.04898e-09
1.04866e-09
1.04834e-09
1.04803e-09
1.04773e-09
1.04744e-09
1.04716e-09
1.0469e-09
1.04663e-09
1.0465e-09
1.04546e-09
1.04996e-09
1.05094e-09
1.05082e-09
1.05068e-09
1.05051e-09
1.05029e-09
1.05003e-09
1.04973e-09
1.0494e-09
1.04907e-09
1.04873e-09
1.0484e-09
1.04807e-09
1.04776e-09
1.04746e-09
1.04717e-09
1.04688e-09
1.04673e-09
1.04554e-09
1.05116e-09
1.05152e-09
1.05128e-09
1.05108e-09
1.05088e-09
1.05067e-09
1.05042e-09
1.05013e-09
1.0498e-09
1.04945e-09
1.0491e-09
1.04875e-09
1.0484e-09
1.04806e-09
1.04774e-09
1.04742e-09
1.04711e-09
1.04694e-09
1.04558e-09
1.05249e-09
1.05213e-09
1.05183e-09
1.05153e-09
1.05128e-09
1.05105e-09
1.0508e-09
1.05052e-09
1.05019e-09
1.04984e-09
1.04947e-09
1.0491e-09
1.04873e-09
1.04837e-09
1.04803e-09
1.04769e-09
1.04736e-09
1.04717e-09
1.0456e-09
1.05398e-09
1.05272e-09
1.05239e-09
1.05201e-09
1.05166e-09
1.05137e-09
1.0511e-09
1.05082e-09
1.0505e-09
1.05015e-09
1.04977e-09
1.04938e-09
1.04899e-09
1.04861e-09
1.04824e-09
1.04787e-09
1.04752e-09
1.04732e-09
1.04556e-09
1.05553e-09
1.05331e-09
1.05303e-09
1.05266e-09
1.05227e-09
1.05191e-09
1.05158e-09
1.05127e-09
1.05094e-09
1.05059e-09
1.05021e-09
1.0498e-09
1.04939e-09
1.04899e-09
1.0486e-09
1.0482e-09
1.04784e-09
1.04758e-09
1.04555e-09
1.0573e-09
1.05371e-09
1.05332e-09
1.05285e-09
1.0524e-09
1.05202e-09
1.05169e-09
1.0514e-09
1.0511e-09
1.05078e-09
1.05042e-09
1.05003e-09
1.04962e-09
1.04921e-09
1.0488e-09
1.0484e-09
1.04798e-09
1.04781e-09
1.04558e-09
1.05892e-09
1.05455e-09
1.05449e-09
1.05417e-09
1.05373e-09
1.05332e-09
1.05299e-09
1.05272e-09
1.05248e-09
1.05224e-09
1.05197e-09
1.05165e-09
1.05129e-09
1.05092e-09
1.05047e-09
1.05007e-09
1.04941e-09
1.04929e-09
1.04604e-09
1.06087e-09
9.10162e-10
7.19002e-09
9.26019e-10
5.84591e-09
9.42551e-10
4.78061e-09
9.5872e-10
3.93659e-09
9.73793e-10
3.26831e-09
9.87646e-10
2.73971e-09
1.00014e-09
2.32225e-09
1.01114e-09
1.99336e-09
1.02052e-09
1.7354e-09
1.02815e-09
1.535e-09
1.03394e-09
1.38212e-09
1.03796e-09
1.26897e-09
1.04074e-09
1.19315e-09
1.044e-09
1.1531e-09
1.05078e-09
1.12555e-09
1.05512e-09
1.04807e-09
1.05803e-09
9.88597e-10
1.05802e-09
9.88608e-10
1.05512e-09
1.04808e-09
1.05078e-09
1.12556e-09
1.044e-09
1.15311e-09
1.04074e-09
1.19316e-09
1.03796e-09
1.26898e-09
1.03394e-09
1.38213e-09
1.02815e-09
1.53501e-09
1.02052e-09
1.73542e-09
1.01114e-09
1.99338e-09
1.00014e-09
2.32228e-09
9.87646e-10
2.73974e-09
9.73793e-10
3.26835e-09
9.58721e-10
3.93664e-09
9.42551e-10
4.78068e-09
9.26019e-10
5.84599e-09
9.10162e-10
7.19012e-09
0.0016466
0.00856584
0.00191631
0.0100963
0.00222831
0.0117474
0.00257648
0.0135207
0.00295061
0.0153814
0.00334021
0.0172664
0.00373638
0.0190915
0.00413452
0.0208054
0.00451888
0.0223841
0.0048764
0.023802
0.0052012
0.0250344
0.00548492
0.0260724
0.00572276
0.0269135
0.00590744
0.027556
0.00602823
0.0280025
0.00607204
0.0282719
0.0060696
0.0283876
0.00606962
0.0283875
0.00607203
0.0282718
0.00602815
0.0280023
0.00590729
0.0275556
0.00572256
0.0269129
0.00548468
0.0260718
0.00520092
0.0250336
0.0048761
0.023801
0.00451855
0.022383
0.00413419
0.0208042
0.00373605
0.0190902
0.00333989
0.017265
0.0029503
0.0153801
0.00257619
0.0135193
0.00222805
0.0117461
0.00191609
0.0100951
0.00164641
0.0085649
0.0180892
0.0183736
0.0069259
0.000596053
1.08586e-05
0
0
1.22173e-12
2.46457e-11
8.06313e-10
1.42531e-09
1.22881e-09
1.04954e-09
1.01775e-09
1.04239e-09
1.06158e-09
1.06504e-09
1.06484e-09
1.06442e-09
0.0219585
0.0286127
0.0203569
0.00649352
4.55707e-05
3.56825e-07
0
0
2.18184e-14
2.14183e-12
1.86645e-10
1.21073e-09
1.51254e-09
1.20634e-09
1.02981e-09
1.01371e-09
1.04734e-09
1.06942e-09
1.07141e-09
0.0254153
0.0376524
0.037905
0.0230555
0.00682239
5.08149e-05
6.19632e-06
0
0
0
3.23467e-13
6.14972e-12
5.31202e-10
1.49485e-09
1.42972e-09
1.11395e-09
9.92572e-10
1.00846e-09
1.05413e-09
0.0288242
0.0455703
0.0531969
0.0464087
0.0271718
0.00913577
0.000250833
0.000180267
0
0
0
4.69117e-15
1.32321e-12
1.10547e-10
1.05634e-09
1.71694e-09
1.40166e-09
1.07688e-09
9.86443e-10
0.0323113
0.0524803
0.0657586
0.0678896
0.0561686
0.034286
0.0130083
0.00110056
0.000738952
0
0
0
0
9.80012e-14
1.54263e-14
2.19039e-10
1.28724e-09
1.77074e-09
1.3733e-09
0.0358554
0.058342
0.0763227
0.0852132
0.0831004
0.0686538
0.0447668
0.020022
0.00398081
0.00215963
6.59596e-05
0
0
0
1.02343e-17
2.4856e-13
9.82769e-13
2.73556e-10
1.33014e-09
0.0391418
0.0630433
0.0851347
0.0992781
0.104613
0.0999726
0.0842601
0.0592616
0.0313363
0.0113123
0.000719272
0.000962703
3.88571e-05
0
0
0
6.07509e-16
3.20536e-13
2.1196e-12
0.0420556
0.0666471
0.0922178
0.110708
0.121657
0.124697
0.118838
0.10307
0.0779543
0.0487381
0.0228082
0.00573421
0.000592616
0.000701335
1.67787e-06
0
0
0
1.22675e-15
0.0446137
0.0695738
0.0974975
0.119729
0.135162
0.143925
0.14569
0.139645
0.124726
0.101077
0.0717955
0.041725
0.0187077
0.00420977
0.000226855
0.000680179
1.66232e-05
6.28553e-11
0
0.0468225
0.0721082
0.100904
0.126395
0.145557
0.158779
0.166168
0.167454
0.161945
0.148749
0.127703
0.0998923
0.0689091
0.0398562
0.0182099
0.00435805
0.000460596
1.22315e-07
0.000260749
0.048639
0.0739755
0.102508
0.130686
0.153025
0.169843
0.18152
0.188152
0.189519
0.185084
0.174187
0.156354
0.131918
0.10264
0.0719531
0.0437093
0.022275
0.00764978
0.00183582
0.0500739
0.0752245
0.102979
0.132582
0.157637
0.177412
0.19244
0.203054
0.209349
0.21116
0.208102
0.199688
0.185516
0.165514
0.140541
0.112183
0.0828985
0.0560331
0.0314932
0.0511682
0.0760482
0.103082
0.132169
0.159405
0.18166
0.199335
0.212944
0.222801
0.228993
0.231376
0.229695
0.223728
0.213234
0.198221
0.178901
0.15594
0.131044
0.100182
0.0519556
0.0765132
0.102723
0.130288
0.158375
0.182699
0.202494
0.218346
0.230758
0.240016
0.246093
0.248831
0.248289
0.244483
0.237439
0.227151
0.213703
0.197547
0.174897
0.052475
0.0767263
0.102235
0.128538
0.155052
0.180685
0.202178
0.2197
0.233897
0.2453
0.253893
0.259353
0.262014
0.262176
0.260062
0.255756
0.249317
0.240778
0.228262
0.0527694
0.0767781
0.101773
0.127182
0.152349
0.176479
0.198843
0.21752
0.232838
0.245789
0.256367
0.263394
0.267628
0.269692
0.26998
0.268683
0.265953
0.261818
0.255808
0.0528868
0.0767554
0.101468
0.126404
0.150877
0.174092
0.19517
0.213121
0.228486
0.242436
0.255481
0.263456
0.268286
0.270938
0.27192
0.271541
0.270013
0.267429
0.263886
0.0528868
0.0767555
0.101468
0.126405
0.150879
0.174095
0.195174
0.213125
0.228492
0.242444
0.255495
0.26347
0.268302
0.270957
0.271942
0.271566
0.27004
0.267459
0.26392
0.0527694
0.0767784
0.101774
0.127184
0.152354
0.176487
0.198855
0.217533
0.232855
0.24581
0.256394
0.263427
0.267667
0.269738
0.270034
0.268745
0.266023
0.261897
0.2559
0.0524749
0.0767268
0.102237
0.128542
0.155059
0.180696
0.202193
0.219719
0.233921
0.24533
0.253932
0.2594
0.262071
0.262243
0.260141
0.255848
0.249424
0.240901
0.228417
0.0519554
0.0765138
0.102726
0.130293
0.158384
0.182712
0.202512
0.218369
0.230788
0.240054
0.24614
0.248889
0.24836
0.244569
0.237546
0.227281
0.213874
0.197756
0.175175
0.0511678
0.0760486
0.103084
0.132174
0.159415
0.181674
0.199355
0.21297
0.222835
0.229037
0.231431
0.229765
0.22382
0.213352
0.198378
0.179099
0.15617
0.131336
0.100597
0.0500733
0.0752246
0.102981
0.132588
0.157647
0.177427
0.192461
0.203083
0.209387
0.211209
0.208168
0.199779
0.185648
0.165691
0.140754
0.112403
0.0830999
0.0564357
0.031096
0.0486381
0.0739753
0.10251
0.130692
0.153035
0.169858
0.181542
0.188182
0.18956
0.185146
0.174276
0.156496
0.132102
0.102843
0.0722209
0.0438629
0.0223604
0.00833755
0.00546721
0.0468214
0.0721075
0.100905
0.1264
0.145567
0.158795
0.16619
0.167487
0.161998
0.148855
0.127853
0.100082
0.0691568
0.0400114
0.0180225
0.00421785
0.00041033
0.00128281
0
0.0446122
0.0695723
0.0974983
0.119734
0.135172
0.143942
0.145715
0.139687
0.12482
0.101213
0.0719513
0.0418907
0.0185001
0.0042612
0.00314702
0.000634734
1.14203e-05
0
0
0.0420538
0.0666448
0.0922182
0.110713
0.121668
0.124713
0.118866
0.103138
0.0780553
0.0488471
0.0229081
0.00595687
0.0034163
0.000652175
0
0
0
0
2.51342e-15
0.0391396
0.0630406
0.0851347
0.0992821
0.104623
0.100019
0.0843289
0.0593437
0.0314146
0.0113683
0.000748722
0.00100034
0
0
0
0
4.85682e-16
3.58794e-13
4.34274e-12
0.0358531
0.0583391
0.0763221
0.0852169
0.0831205
0.0687178
0.0448354
0.0200722
0.00401279
0.00217141
7.20835e-05
0
0
0
0
2.13919e-13
7.85688e-13
2.72455e-10
1.34116e-09
0.0323086
0.0524773
0.0657576
0.0678944
0.0561978
0.0342878
0.0130227
0.0011007
0.000744182
0
0
0
0
8.16666e-14
2.57205e-12
1.90546e-10
1.31278e-09
1.76845e-09
1.3751e-09
0.0288211
0.0455673
0.0531956
0.046423
0.0272103
0.00933022
0.000282158
0.000183141
0
0
0
4.39044e-15
1.35671e-12
1.15753e-10
1.10768e-09
1.72327e-09
1.40715e-09
1.07763e-09
9.86783e-10
0.0254122
0.0376494
0.0379038
0.0230513
0.00677923
0.000700841
5.47185e-05
0
0
0
3.1708e-13
5.7555e-12
5.40653e-10
1.49642e-09
1.4353e-09
1.11532e-09
9.93269e-10
1.00871e-09
1.05425e-09
0.0219558
0.0286097
0.020354
0.00649156
4.50591e-05
8.31105e-05
0
0
3.02953e-14
2.17514e-12
1.84717e-10
1.21676e-09
1.50929e-09
1.20561e-09
1.02951e-09
1.01355e-09
1.04727e-09
1.06939e-09
1.0714e-09
0.0180869
0.0183707
0.00692417
0.000595776
1.08013e-05
0
0
1.29235e-12
3.42211e-11
8.25653e-10
1.42336e-09
1.22891e-09
1.04853e-09
1.01725e-09
1.04217e-09
1.06149e-09
1.06502e-09
1.06484e-09
1.06442e-09
1.06509e-09
1.06879e-09
1.07173e-09
1.07608e-09
1.07809e-09
1.08142e-09
1.08597e-09
1.09007e-09
1.09195e-09
1.09282e-09
1.10239e-09
1.07987e-09
9.36768e-10
6.91412e-10
3.62278e-10
1.1441e-10
1.05668e-12
1.21216e-13
1.26082e-14
7.57745e-15
1.44906e-13
3.02089e-11
1.90548e-09
1.18279e-09
4.76517e-07
1.07248e-05
7.28499e-05
0.000215157
0.000438929
0.000939538
0.00190875
0.00451015
0.00930447
0.0138314
1.04719e-09
1.04813e-09
1.04898e-09
1.04988e-09
1.05194e-09
1.05469e-09
1.05662e-09
1.05785e-09
1.05847e-09
1.06013e-09
1.06109e-09
1.08215e-09
1.10001e-09
1.10709e-09
1.07565e-09
9.87897e-10
7.64202e-10
4.57387e-10
1.66836e-10
4.72268e-11
3.43042e-13
6.1054e-14
4.42928e-15
1.50523e-13
3.1367e-11
1.04272e-09
3.3141e-11
9.04915e-08
7.95804e-06
0.000114137
0.000366703
0.00113539
0.00321686
0.00859633
1.05012e-09
1.05065e-09
1.05134e-09
1.05215e-09
1.0532e-09
1.05392e-09
1.05458e-09
1.05631e-09
1.05887e-09
1.06097e-09
1.06239e-09
1.06384e-09
1.06698e-09
1.07356e-09
1.08711e-09
1.10697e-09
1.14472e-09
1.15848e-09
1.07875e-09
9.18614e-10
6.16708e-10
2.80288e-10
6.4035e-11
9.43936e-13
6.57981e-14
3.06509e-15
4.02957e-15
4.86169e-12
4.53021e-10
2.0805e-08
1.29667e-06
6.82301e-07
0.000288674
0.00134088
1.05097e-09
1.0518e-09
1.05228e-09
1.05266e-09
1.05305e-09
1.05354e-09
1.054e-09
1.05508e-09
1.0555e-09
1.05592e-09
1.05692e-09
1.05749e-09
1.0579e-09
1.05849e-09
1.06041e-09
1.06477e-09
1.077e-09
1.10246e-09
1.14378e-09
1.18669e-09
1.2298e-09
1.17703e-09
9.80965e-10
6.13137e-10
2.35485e-10
5.15214e-11
5.91566e-14
2.15697e-14
2.41899e-16
0
0
2.62811e-11
2.45231e-07
0.00018369
1.05144e-09
1.05184e-09
1.05208e-09
1.05235e-09
1.05264e-09
1.053e-09
1.05336e-09
1.05391e-09
1.05408e-09
1.05469e-09
1.05534e-09
1.0557e-09
1.05584e-09
1.05588e-09
1.05585e-09
1.05579e-09
1.05585e-09
1.0574e-09
1.06505e-09
1.08174e-09
1.11673e-09
1.17161e-09
1.23233e-09
1.27978e-09
1.17903e-09
9.31894e-10
4.93423e-10
1.60742e-10
5.04037e-12
1.21747e-13
1.48362e-15
0
0
0
1.05199e-09
1.05266e-09
1.05293e-09
1.05306e-09
1.05315e-09
1.05325e-09
1.05337e-09
1.05349e-09
1.05356e-09
1.05359e-09
1.05365e-09
1.0538e-09
1.05402e-09
1.05427e-09
1.05453e-09
1.05473e-09
1.05472e-09
1.05428e-09
1.05352e-09
1.05334e-09
1.05564e-09
1.06602e-09
1.09005e-09
1.13979e-09
1.21039e-09
1.27781e-09
1.29627e-09
1.15523e-09
7.48902e-10
3.05035e-10
3.61804e-11
3.8349e-13
1.56205e-15
0
1.05235e-09
1.0529e-09
1.05305e-09
1.05315e-09
1.05324e-09
1.05335e-09
1.05347e-09
1.0536e-09
1.05371e-09
1.0538e-09
1.05386e-09
1.05389e-09
1.05391e-09
1.05393e-09
1.05397e-09
1.05403e-09
1.05411e-09
1.05415e-09
1.05398e-09
1.05342e-09
1.05218e-09
1.05057e-09
1.05006e-09
1.05417e-09
1.07128e-09
1.10693e-09
1.17222e-09
1.25505e-09
1.32538e-09
1.26966e-09
9.54067e-10
5.05429e-10
4.52259e-11
4.59362e-13
1.05271e-09
1.05328e-09
1.05347e-09
1.05352e-09
1.05354e-09
1.05355e-09
1.05356e-09
1.05356e-09
1.05358e-09
1.05362e-09
1.05368e-09
1.05375e-09
1.05384e-09
1.05393e-09
1.05402e-09
1.05411e-09
1.0542e-09
1.05429e-09
1.05438e-09
1.05442e-09
1.0543e-09
1.05374e-09
1.05247e-09
1.05017e-09
1.0479e-09
1.04816e-09
1.05689e-09
1.08136e-09
1.13425e-09
1.21752e-09
1.29689e-09
1.34627e-09
1.05998e-09
6.27793e-10
1.05298e-09
1.0535e-09
1.05363e-09
1.0537e-09
1.05375e-09
1.05381e-09
1.05387e-09
1.05393e-09
1.05398e-09
1.05403e-09
1.05406e-09
1.05409e-09
1.05412e-09
1.05415e-09
1.05419e-09
1.05423e-09
1.05428e-09
1.05433e-09
1.05439e-09
1.05447e-09
1.05457e-09
1.05466e-09
1.05464e-09
1.05428e-09
1.05316e-09
1.05098e-09
1.04791e-09
1.04558e-09
1.0477e-09
1.06466e-09
1.09527e-09
1.19884e-09
1.13357e-09
2.13184e-09
1.05322e-09
1.0537e-09
1.05382e-09
1.05388e-09
1.05393e-09
1.05397e-09
1.05401e-09
1.05405e-09
1.0541e-09
1.05415e-09
1.0542e-09
1.05426e-09
1.05432e-09
1.05438e-09
1.05444e-09
1.0545e-09
1.05456e-09
1.05461e-09
1.05466e-09
1.05471e-09
1.05477e-09
1.05483e-09
1.05493e-09
1.05505e-09
1.05511e-09
1.05496e-09
1.05418e-09
1.05249e-09
1.0491e-09
1.04677e-09
1.04048e-09
1.06677e-09
1.01998e-09
1.333e-09
1.0534e-09
1.05382e-09
1.05393e-09
1.054e-09
1.05406e-09
1.05413e-09
1.05419e-09
1.05426e-09
1.05432e-09
1.05437e-09
1.05443e-09
1.05448e-09
1.05454e-09
1.05459e-09
1.05465e-09
1.05471e-09
1.05477e-09
1.05482e-09
1.05488e-09
1.05494e-09
1.05499e-09
1.05504e-09
1.05509e-09
1.05516e-09
1.05526e-09
1.05539e-09
1.05552e-09
1.05557e-09
1.05513e-09
1.05414e-09
1.05131e-09
1.04723e-09
1.05415e-09
9.85279e-10
1.05355e-09
1.05392e-09
1.05403e-09
1.0541e-09
1.05418e-09
1.05426e-09
1.05433e-09
1.0544e-09
1.05447e-09
1.05455e-09
1.05462e-09
1.05469e-09
1.05476e-09
1.05483e-09
1.0549e-09
1.05497e-09
1.05504e-09
1.05511e-09
1.05517e-09
1.05524e-09
1.0553e-09
1.05535e-09
1.05541e-09
1.05546e-09
1.05551e-09
1.05557e-09
1.05565e-09
1.05577e-09
1.05598e-09
1.05591e-09
1.05682e-09
1.05209e-09
1.06725e-09
1.00323e-09
1.0537e-09
1.05401e-09
1.05412e-09
1.05422e-09
1.05432e-09
1.05441e-09
1.05451e-09
1.0546e-09
1.05469e-09
1.05478e-09
1.05487e-09
1.05495e-09
1.05504e-09
1.05512e-09
1.0552e-09
1.05528e-09
1.05536e-09
1.05544e-09
1.05551e-09
1.05558e-09
1.05565e-09
1.05572e-09
1.05578e-09
1.05584e-09
1.0559e-09
1.05595e-09
1.05601e-09
1.05605e-09
1.05615e-09
1.05617e-09
1.05658e-09
1.05596e-09
1.0582e-09
1.05573e-09
1.05389e-09
1.05414e-09
1.05426e-09
1.05438e-09
1.0545e-09
1.05461e-09
1.05473e-09
1.05484e-09
1.05495e-09
1.05506e-09
1.05517e-09
1.05527e-09
1.05537e-09
1.05547e-09
1.05557e-09
1.05567e-09
1.05576e-09
1.05586e-09
1.05595e-09
1.05604e-09
1.05612e-09
1.05621e-09
1.05629e-09
1.05636e-09
1.05644e-09
1.05651e-09
1.05657e-09
1.05663e-09
1.05668e-09
1.05678e-09
1.05666e-09
1.05749e-09
1.05457e-09
1.06824e-09
1.05415e-09
1.05435e-09
1.05448e-09
1.05462e-09
1.05476e-09
1.0549e-09
1.05504e-09
1.05517e-09
1.0553e-09
1.05542e-09
1.05555e-09
1.05567e-09
1.05578e-09
1.05589e-09
1.05601e-09
1.05612e-09
1.05622e-09
1.05633e-09
1.05643e-09
1.05653e-09
1.05663e-09
1.05673e-09
1.05682e-09
1.05692e-09
1.057e-09
1.05709e-09
1.05718e-09
1.05726e-09
1.05733e-09
1.05744e-09
1.05737e-09
1.05795e-09
1.05626e-09
1.06307e-09
1.05447e-09
1.05467e-09
1.05483e-09
1.055e-09
1.05519e-09
1.05536e-09
1.05554e-09
1.05571e-09
1.05587e-09
1.05602e-09
1.05617e-09
1.05632e-09
1.05646e-09
1.05659e-09
1.05672e-09
1.05685e-09
1.05697e-09
1.05709e-09
1.0572e-09
1.05732e-09
1.05743e-09
1.05753e-09
1.05764e-09
1.05774e-09
1.05784e-09
1.05793e-09
1.05803e-09
1.05812e-09
1.0582e-09
1.0583e-09
1.05834e-09
1.05854e-09
1.05837e-09
1.05897e-09
1.05476e-09
1.05499e-09
1.05524e-09
1.05551e-09
1.05579e-09
1.05606e-09
1.05634e-09
1.0566e-09
1.05686e-09
1.0571e-09
1.05733e-09
1.05756e-09
1.05776e-09
1.05796e-09
1.05814e-09
1.05831e-09
1.05847e-09
1.05862e-09
1.05876e-09
1.05889e-09
1.05901e-09
1.05913e-09
1.05923e-09
1.05934e-09
1.05943e-09
1.05953e-09
1.05961e-09
1.0597e-09
1.05977e-09
1.05985e-09
1.0599e-09
1.06001e-09
1.06005e-09
1.05951e-09
1.05487e-09
1.05514e-09
1.05548e-09
1.05585e-09
1.05623e-09
1.05661e-09
1.05698e-09
1.05736e-09
1.05773e-09
1.05809e-09
1.05846e-09
1.05882e-09
1.05917e-09
1.05952e-09
1.05987e-09
1.0602e-09
1.06053e-09
1.06085e-09
1.06116e-09
1.06146e-09
1.06175e-09
1.06202e-09
1.06228e-09
1.06253e-09
1.06277e-09
1.06299e-09
1.0632e-09
1.06339e-09
1.06357e-09
1.06375e-09
1.06388e-09
1.06412e-09
1.06398e-09
1.06467e-09
1.0549e-09
1.0551e-09
1.05533e-09
1.05558e-09
1.05584e-09
1.0561e-09
1.05635e-09
1.05661e-09
1.05686e-09
1.05712e-09
1.05737e-09
1.05763e-09
1.05789e-09
1.05815e-09
1.05842e-09
1.0587e-09
1.05899e-09
1.05928e-09
1.05959e-09
1.0599e-09
1.06023e-09
1.06056e-09
1.0609e-09
1.06125e-09
1.0616e-09
1.06195e-09
1.0623e-09
1.06265e-09
1.06299e-09
1.06334e-09
1.06363e-09
1.06405e-09
1.06405e-09
1.06508e-09
8.88858e-09
1.10635e-08
1.38518e-08
1.74184e-08
2.19808e-08
2.78452e-08
3.53968e-08
4.54155e-08
5.76315e-08
7.88223e-08
1.39418e-07
3.02711e-07
7.40802e-07
1.90435e-06
4.87751e-06
1.1803e-05
2.60976e-05
5.05384e-05
8.64572e-05
0.000132715
0.000191807
0.000257025
0.000328625
0.000388176
0.000426068
0.000721081
0.00103447
0.00137616
0.00146428
0.00155006
0.00131597
0.00113856
0.00128947
0.00142844
8.96651e-10
8.85639e-10
8.77003e-10
8.67789e-10
8.57506e-10
8.46229e-10
8.39042e-10
8.22104e-10
8.62307e-10
6.98001e-10
3.25286e-10
7.71751e-15
8.82784e-11
1.82731e-10
4.16998e-10
9.67181e-10
2.1835e-09
5.34844e-09
1.43444e-08
1.30652e-13
1.62401e-09
5.43734e-07
1.49402e-05
8.50783e-05
0.00017609
0.000303256
0.00048878
0.000794231
0.00129571
0.0025397
0.0039264
0.00527604
0.00658466
0.00726648
8.88845e-09
1.10633e-08
1.38516e-08
1.74181e-08
2.19805e-08
2.78447e-08
3.53962e-08
4.54146e-08
5.76307e-08
7.882e-08
1.39412e-07
3.02694e-07
7.40757e-07
1.90422e-06
4.87719e-06
1.18023e-05
2.60962e-05
5.05361e-05
8.6454e-05
0.000132711
0.000191803
0.00025702
0.000328619
0.000388173
0.000426061
0.000721018
0.00103443
0.00137611
0.00146423
0.00155003
0.00131596
0.00113849
0.00128938
0.00142831
8.96651e-10
8.85639e-10
8.77002e-10
8.67788e-10
8.57506e-10
8.46229e-10
8.39041e-10
8.22106e-10
8.62299e-10
6.98024e-10
3.25313e-10
7.74323e-15
8.82787e-11
1.82721e-10
4.16974e-10
9.67122e-10
2.18337e-09
5.34805e-09
1.43427e-08
1.30044e-13
1.62252e-09
5.43535e-07
1.49372e-05
8.50709e-05
0.000176083
0.00030324
0.000488753
0.000794186
0.00129562
0.00253949
0.0039261
0.00527559
0.00658394
0.00726572
1.06509e-09
1.06879e-09
1.07172e-09
1.07608e-09
1.07809e-09
1.08142e-09
1.08596e-09
1.09007e-09
1.09195e-09
1.09282e-09
1.10238e-09
1.07987e-09
9.36778e-10
6.9143e-10
3.62299e-10
1.14422e-10
1.05744e-12
1.21244e-13
1.26095e-14
7.57237e-15
1.44807e-13
3.01977e-11
1.90477e-09
1.18145e-09
4.76307e-07
1.07229e-05
7.2841e-05
0.000215139
0.000438894
0.000939447
0.0019085
0.00450937
0.00930306
0.0138297
1.04719e-09
1.04813e-09
1.04898e-09
1.04988e-09
1.05194e-09
1.05469e-09
1.05662e-09
1.05785e-09
1.05846e-09
1.06013e-09
1.06109e-09
1.08215e-09
1.10001e-09
1.10709e-09
1.07565e-09
9.87904e-10
7.6422e-10
4.5741e-10
1.66853e-10
4.72352e-11
3.43425e-13
6.10755e-14
4.43023e-15
1.504e-13
3.13529e-11
1.04245e-09
3.31102e-11
9.04413e-08
7.95283e-06
0.000114042
0.000365593
0.00113512
0.00321605
0.00859435
1.05012e-09
1.05065e-09
1.05134e-09
1.05215e-09
1.0532e-09
1.05392e-09
1.05458e-09
1.05631e-09
1.05887e-09
1.06097e-09
1.06238e-09
1.06384e-09
1.06697e-09
1.07356e-09
1.08711e-09
1.10697e-09
1.14472e-09
1.15848e-09
1.07876e-09
9.18631e-10
6.1674e-10
2.80319e-10
6.40488e-11
9.44965e-13
6.58277e-14
3.06594e-15
4.02814e-15
4.85898e-12
4.52689e-10
2.90727e-08
1.47335e-09
1.5418e-06
0.000287944
0.00134087
1.05097e-09
1.0518e-09
1.05227e-09
1.05266e-09
1.05305e-09
1.05354e-09
1.054e-09
1.05508e-09
1.0555e-09
1.05592e-09
1.05691e-09
1.05749e-09
1.0579e-09
1.05849e-09
1.06041e-09
1.06476e-09
1.077e-09
1.10246e-09
1.14377e-09
1.18668e-09
1.22979e-09
1.17704e-09
9.80989e-10
6.13183e-10
2.35523e-10
5.15356e-11
5.93034e-14
2.15884e-14
2.43541e-16
0
6.14584e-14
6.05747e-11
2.43038e-07
0.000183631
1.05144e-09
1.05184e-09
1.05208e-09
1.05235e-09
1.05264e-09
1.053e-09
1.05336e-09
1.05391e-09
1.05407e-09
1.05469e-09
1.05534e-09
1.0557e-09
1.05584e-09
1.05588e-09
1.05585e-09
1.05579e-09
1.05585e-09
1.05739e-09
1.06504e-09
1.08174e-09
1.11673e-09
1.1716e-09
1.23232e-09
1.27978e-09
1.17904e-09
9.31934e-10
4.93487e-10
1.60812e-10
5.07459e-12
1.21328e-13
1.34215e-15
0
0
0
1.05199e-09
1.05266e-09
1.05293e-09
1.05306e-09
1.05315e-09
1.05325e-09
1.05337e-09
1.05349e-09
1.05356e-09
1.05359e-09
1.05365e-09
1.0538e-09
1.05402e-09
1.05427e-09
1.05453e-09
1.05472e-09
1.05472e-09
1.05428e-09
1.05352e-09
1.05334e-09
1.05563e-09
1.06602e-09
1.09005e-09
1.13978e-09
1.21038e-09
1.27779e-09
1.29626e-09
1.15519e-09
7.484e-10
3.01745e-10
3.27304e-11
3.64031e-13
1.56983e-15
0
1.05235e-09
1.0529e-09
1.05305e-09
1.05314e-09
1.05324e-09
1.05335e-09
1.05347e-09
1.0536e-09
1.05371e-09
1.05379e-09
1.05385e-09
1.05389e-09
1.05391e-09
1.05393e-09
1.05397e-09
1.05403e-09
1.0541e-09
1.05415e-09
1.05398e-09
1.05342e-09
1.05218e-09
1.05057e-09
1.05006e-09
1.05417e-09
1.07128e-09
1.10692e-09
1.1722e-09
1.25502e-09
1.32523e-09
1.26857e-09
9.51092e-10
5.05735e-10
4.54511e-11
4.60952e-13
1.05271e-09
1.05328e-09
1.05347e-09
1.05352e-09
1.05354e-09
1.05355e-09
1.05356e-09
1.05356e-09
1.05358e-09
1.05362e-09
1.05368e-09
1.05375e-09
1.05384e-09
1.05393e-09
1.05402e-09
1.05411e-09
1.05419e-09
1.05429e-09
1.05437e-09
1.05442e-09
1.0543e-09
1.05374e-09
1.05247e-09
1.05017e-09
1.0479e-09
1.04816e-09
1.05689e-09
1.08135e-09
1.13418e-09
1.21709e-09
1.29537e-09
1.34558e-09
1.05982e-09
6.28839e-10
1.05298e-09
1.0535e-09
1.05363e-09
1.0537e-09
1.05375e-09
1.05381e-09
1.05387e-09
1.05393e-09
1.05398e-09
1.05403e-09
1.05406e-09
1.05409e-09
1.05412e-09
1.05415e-09
1.05419e-09
1.05423e-09
1.05428e-09
1.05433e-09
1.05439e-09
1.05447e-09
1.05457e-09
1.05465e-09
1.05464e-09
1.05428e-09
1.05316e-09
1.05098e-09
1.04791e-09
1.04557e-09
1.04768e-09
1.06459e-09
1.09507e-09
1.19854e-09
1.13357e-09
2.15071e-09
1.05322e-09
1.0537e-09
1.05382e-09
1.05388e-09
1.05393e-09
1.05397e-09
1.05401e-09
1.05405e-09
1.0541e-09
1.05415e-09
1.0542e-09
1.05426e-09
1.05432e-09
1.05438e-09
1.05444e-09
1.0545e-09
1.05455e-09
1.05461e-09
1.05466e-09
1.05471e-09
1.05476e-09
1.05483e-09
1.05493e-09
1.05504e-09
1.05511e-09
1.05495e-09
1.05418e-09
1.05249e-09
1.0491e-09
1.04676e-09
1.04044e-09
1.0667e-09
1.02033e-09
1.33784e-09
1.0534e-09
1.05382e-09
1.05393e-09
1.054e-09
1.05406e-09
1.05413e-09
1.05419e-09
1.05425e-09
1.05431e-09
1.05437e-09
1.05443e-09
1.05448e-09
1.05454e-09
1.05459e-09
1.05465e-09
1.05471e-09
1.05476e-09
1.05482e-09
1.05488e-09
1.05493e-09
1.05499e-09
1.05504e-09
1.05509e-09
1.05516e-09
1.05526e-09
1.05539e-09
1.05552e-09
1.05557e-09
1.05513e-09
1.05413e-09
1.0513e-09
1.04719e-09
1.05401e-09
9.8458e-10
1.05355e-09
1.05392e-09
1.05403e-09
1.0541e-09
1.05418e-09
1.05426e-09
1.05433e-09
1.0544e-09
1.05447e-09
1.05455e-09
1.05462e-09
1.05469e-09
1.05476e-09
1.05483e-09
1.0549e-09
1.05497e-09
1.05504e-09
1.05511e-09
1.05517e-09
1.05523e-09
1.05529e-09
1.05535e-09
1.0554e-09
1.05545e-09
1.05551e-09
1.05557e-09
1.05565e-09
1.05577e-09
1.05598e-09
1.0559e-09
1.05681e-09
1.05207e-09
1.06714e-09
1.00289e-09
1.0537e-09
1.05401e-09
1.05412e-09
1.05422e-09
1.05432e-09
1.05441e-09
1.05451e-09
1.0546e-09
1.05469e-09
1.05478e-09
1.05487e-09
1.05495e-09
1.05503e-09
1.05512e-09
1.0552e-09
1.05528e-09
1.05536e-09
1.05543e-09
1.05551e-09
1.05558e-09
1.05565e-09
1.05572e-09
1.05578e-09
1.05584e-09
1.0559e-09
1.05595e-09
1.056e-09
1.05605e-09
1.05614e-09
1.05617e-09
1.05658e-09
1.05596e-09
1.05815e-09
1.05547e-09
1.05389e-09
1.05414e-09
1.05426e-09
1.05438e-09
1.0545e-09
1.05461e-09
1.05473e-09
1.05484e-09
1.05495e-09
1.05506e-09
1.05516e-09
1.05527e-09
1.05537e-09
1.05547e-09
1.05557e-09
1.05566e-09
1.05576e-09
1.05585e-09
1.05595e-09
1.05603e-09
1.05612e-09
1.0562e-09
1.05628e-09
1.05636e-09
1.05644e-09
1.0565e-09
1.05657e-09
1.05663e-09
1.05668e-09
1.05677e-09
1.05666e-09
1.05748e-09
1.05454e-09
1.0681e-09
1.05415e-09
1.05435e-09
1.05448e-09
1.05462e-09
1.05476e-09
1.0549e-09
1.05504e-09
1.05517e-09
1.0553e-09
1.05542e-09
1.05555e-09
1.05566e-09
1.05578e-09
1.05589e-09
1.05601e-09
1.05611e-09
1.05622e-09
1.05633e-09
1.05643e-09
1.05653e-09
1.05663e-09
1.05673e-09
1.05682e-09
1.05691e-09
1.057e-09
1.05709e-09
1.05717e-09
1.05726e-09
1.05733e-09
1.05744e-09
1.05736e-09
1.05795e-09
1.05625e-09
1.063e-09
1.05447e-09
1.05467e-09
1.05483e-09
1.055e-09
1.05519e-09
1.05536e-09
1.05554e-09
1.05571e-09
1.05587e-09
1.05602e-09
1.05617e-09
1.05632e-09
1.05646e-09
1.05659e-09
1.05672e-09
1.05685e-09
1.05697e-09
1.05709e-09
1.0572e-09
1.05732e-09
1.05743e-09
1.05753e-09
1.05764e-09
1.05774e-09
1.05784e-09
1.05793e-09
1.05802e-09
1.05812e-09
1.0582e-09
1.0583e-09
1.05834e-09
1.05854e-09
1.05836e-09
1.05894e-09
1.05476e-09
1.05499e-09
1.05524e-09
1.05551e-09
1.05579e-09
1.05606e-09
1.05634e-09
1.0566e-09
1.05686e-09
1.0571e-09
1.05733e-09
1.05755e-09
1.05776e-09
1.05796e-09
1.05814e-09
1.05831e-09
1.05847e-09
1.05862e-09
1.05876e-09
1.05889e-09
1.05901e-09
1.05912e-09
1.05923e-09
1.05934e-09
1.05943e-09
1.05952e-09
1.05961e-09
1.0597e-09
1.05977e-09
1.05985e-09
1.0599e-09
1.06001e-09
1.06005e-09
1.0595e-09
1.05487e-09
1.05514e-09
1.05548e-09
1.05585e-09
1.05623e-09
1.05661e-09
1.05698e-09
1.05736e-09
1.05773e-09
1.05809e-09
1.05846e-09
1.05882e-09
1.05917e-09
1.05952e-09
1.05987e-09
1.0602e-09
1.06053e-09
1.06085e-09
1.06116e-09
1.06146e-09
1.06175e-09
1.06202e-09
1.06228e-09
1.06253e-09
1.06276e-09
1.06299e-09
1.06319e-09
1.06339e-09
1.06357e-09
1.06375e-09
1.06388e-09
1.06412e-09
1.06398e-09
1.06466e-09
1.0549e-09
1.0551e-09
1.05533e-09
1.05558e-09
1.05584e-09
1.0561e-09
1.05635e-09
1.05661e-09
1.05686e-09
1.05712e-09
1.05737e-09
1.05763e-09
1.05789e-09
1.05815e-09
1.05842e-09
1.0587e-09
1.05899e-09
1.05928e-09
1.05959e-09
1.0599e-09
1.06023e-09
1.06056e-09
1.0609e-09
1.06125e-09
1.0616e-09
1.06195e-09
1.0623e-09
1.06265e-09
1.06299e-09
1.06334e-09
1.06363e-09
1.06405e-09
1.06405e-09
1.06508e-09
1.06542e-09
1.06632e-09
1.06697e-09
1.06758e-09
1.06822e-09
1.06892e-09
1.06966e-09
1.07045e-09
1.07128e-09
1.07214e-09
1.07302e-09
1.07391e-09
1.07482e-09
1.07573e-09
1.07667e-09
1.07749e-09
1.07811e-09
1.07863e-09
1.07916e-09
1.07971e-09
1.0803e-09
1.08092e-09
1.08157e-09
1.08229e-09
1.08289e-09
1.08415e-09
1.0726e-09
1.07289e-09
1.07264e-09
1.07225e-09
1.07185e-09
1.07151e-09
1.07125e-09
1.07106e-09
1.07094e-09
1.07088e-09
1.07087e-09
1.07091e-09
1.07098e-09
1.07107e-09
1.07119e-09
1.07141e-09
1.07167e-09
1.07186e-09
1.07203e-09
1.07219e-09
1.07236e-09
1.07254e-09
1.07272e-09
1.0729e-09
1.0731e-09
1.07326e-09
1.06677e-09
1.07385e-09
1.07777e-09
1.08039e-09
1.08227e-09
1.08364e-09
1.08465e-09
1.08539e-09
1.08595e-09
1.08637e-09
1.0867e-09
1.08698e-09
1.08717e-09
1.08741e-09
1.08771e-09
1.08797e-09
1.08815e-09
1.0883e-09
1.08844e-09
1.08857e-09
1.0887e-09
1.08882e-09
1.08892e-09
1.08908e-09
1.08923e-09
1.08984e-09
9.68383e-10
9.66646e-10
9.71334e-10
9.77662e-10
9.84122e-10
9.90179e-10
9.95638e-10
1.00046e-09
1.00467e-09
1.00835e-09
1.01158e-09
1.01438e-09
1.0169e-09
1.01911e-09
1.02109e-09
1.02287e-09
1.02447e-09
1.02595e-09
1.02724e-09
1.02832e-09
1.02852e-09
1.0324e-09
1.03959e-09
1.04382e-09
1.04286e-09
9.47468e-10
1.27304e-09
1.19777e-09
1.14522e-09
1.10586e-09
1.07613e-09
1.0537e-09
1.03679e-09
1.02393e-09
1.01411e-09
1.00662e-09
1.00071e-09
9.95889e-10
9.92065e-10
9.8895e-10
9.86268e-10
9.86176e-10
9.86544e-10
9.84805e-10
9.84431e-10
9.39328e-10
1.29474e-09
1.04902e-09
3.82019e-10
1.63253e-10
0.000109111
5.67735e-07
1.82824e-09
2.06759e-09
2.13445e-09
2.13472e-09
2.10988e-09
2.07426e-09
2.03739e-09
2.00826e-09
1.98691e-09
1.96419e-09
1.9465e-09
1.9483e-09
1.96055e-09
1.96657e-09
1.62503e-09
1.00808e-09
6.51571e-10
7.33613e-10
5.23145e-10
3.68844e-10
6.13434e-10
1.33376e-06
4.54e-05
0.000499239
0.000752135
0.00374988
1.21137e-11
4.66316e-11
1.10868e-10
1.9632e-10
2.88318e-10
3.85424e-10
4.87249e-10
5.52576e-10
5.3318e-10
5.39468e-10
5.47583e-10
4.04776e-10
2.11279e-10
3.01451e-06
1.3867e-06
4.99983e-05
0.000138343
0.000203485
0.000484421
0.00131893
0.00303162
0.00600862
0.0104823
0.0173331
0.0240914
0.0369342
1.61935e-14
6.23406e-14
1.48226e-13
2.62489e-13
3.85517e-13
1.287e-08
6.85279e-12
2.47235e-08
0.000175743
0.000177691
0.000254074
0.000725558
2.78751e-07
0.000186235
0.000880145
0.00251456
0.00565266
0.010752
0.0186294
0.0280003
0.0378735
0.0474205
0.0560578
0.0636785
0.0696185
0.0780027
0
0
1.09934e-08
3.18413e-06
3.45628e-05
6.126e-06
2.00813e-10
1.1203e-05
0.00104121
0.00104971
0.00140004
0.00379482
0.008357
0.0161268
0.0267263
0.0385186
0.0501592
0.0607279
0.0698032
0.0774545
0.0839959
0.0897649
0.0949739
0.0998259
0.103846
0.109815
0.000478279
0.000660826
7.17603e-06
0.000212275
0.000444354
0.000749292
0.00148493
0.00409499
0.00957571
0.0196961
0.0329172
0.0472106
0.0608362
0.0727054
0.0825609
0.0907327
0.097713
0.103881
0.109424
0.114412
0.118885
0.122898
0.126505
0.129832
0.132588
0.136658
0.00252759
0.00345445
0.00406289
0.00563853
0.0107378
0.0221849
0.03771
0.0544001
0.0701904
0.0837849
0.0948835
0.103964
0.111661
0.118383
0.124296
0.129477
0.13401
0.138002
0.141551
0.144733
0.147592
0.150167
0.152481
0.154602
0.156356
0.158902
0.0295232
0.036772
0.0494948
0.0647599
0.0803054
0.09469
0.107119
0.117524
0.1263
0.133785
0.140143
0.145504
0.150042
0.153939
0.157329
0.1603
0.162905
0.165194
0.167211
0.168999
0.170591
0.172012
0.173277
0.174426
0.175371
0.176704
0.100985
0.111097
0.122944
0.13395
0.143433
0.151408
0.157999
0.163368
0.167754
0.171395
0.174455
0.177027
0.179186
0.181004
0.182547
0.183868
0.185002
0.185976
0.186814
0.187534
0.188154
0.188689
0.189147
0.189547
0.189858
0.19027
0.17383
0.177804
0.182226
0.186116
0.189363
0.192033
0.194191
0.195887
0.19719
0.198189
0.198959
0.199551
0.199994
0.200316
0.200538
0.200683
0.200766
0.200798
0.200788
0.200741
0.200665
0.200565
0.200444
0.200307
0.200164
0.199919
0.224455
0.222361
0.220995
0.219909
0.218997
0.2182
0.21747
0.216764
0.216061
0.21536
0.214668
0.213993
0.213334
0.212692
0.212067
0.211459
0.210869
0.210297
0.209742
0.209204
0.208682
0.208175
0.207684
0.207203
0.206769
0.206105
0.250721
0.24549
0.241232
0.237649
0.234614
0.232023
0.229782
0.227811
0.22605
0.224456
0.222999
0.22166
0.220424
0.219276
0.218205
0.217201
0.216258
0.215369
0.214528
0.21373
0.212973
0.212252
0.211564
0.210902
0.210313
0.20943
0.258687
0.252735
0.247758
0.243505
0.239856
0.236717
0.233999
0.23162
0.229512
0.227624
0.225915
0.224357
0.222928
0.22161
0.220389
0.219251
0.218188
0.217191
0.216252
0.215366
0.214527
0.213732
0.212977
0.212251
0.211609
0.21065
0.258722
0.252767
0.247788
0.243532
0.23988
0.236739
0.234017
0.231634
0.229525
0.227634
0.225924
0.224365
0.222935
0.221617
0.220395
0.219257
0.218193
0.217195
0.216256
0.215369
0.21453
0.213735
0.21298
0.212254
0.211612
0.210653
0.250813
0.245577
0.241311
0.237721
0.234682
0.232083
0.229833
0.227854
0.226087
0.224487
0.223027
0.221686
0.220447
0.219297
0.218224
0.217219
0.216273
0.215382
0.21454
0.213742
0.212984
0.212262
0.211574
0.210911
0.210323
0.209439
0.224614
0.222508
0.221119
0.220021
0.219104
0.218299
0.217554
0.216834
0.216119
0.21541
0.214713
0.214033
0.213372
0.212728
0.2121
0.211488
0.210895
0.210321
0.209764
0.209224
0.208701
0.208193
0.207702
0.20722
0.206785
0.20612
0.174077
0.178012
0.182368
0.186245
0.189504
0.192173
0.194313
0.195984
0.197269
0.198255
0.199018
0.199605
0.200046
0.200365
0.200585
0.200725
0.200804
0.200832
0.200818
0.200769
0.200692
0.200591
0.20047
0.200332
0.200188
0.199942
0.101253
0.111329
0.123016
0.13404
0.143596
0.151598
0.158163
0.163492
0.167849
0.171473
0.174523
0.177092
0.179251
0.181068
0.182607
0.183922
0.18505
0.18602
0.186853
0.18757
0.188189
0.188723
0.18918
0.189579
0.18989
0.1903
0.0291083
0.0364041
0.0491263
0.0647155
0.0804911
0.0949537
0.107317
0.117651
0.126394
0.133861
0.14021
0.145574
0.15012
0.154018
0.157405
0.160367
0.162964
0.165245
0.167258
0.169043
0.170632
0.172052
0.173318
0.174466
0.17541
0.176742
0.000560889
0.00144612
0.00224368
0.00557118
0.010995
0.0223559
0.0376797
0.0543622
0.0702167
0.0838193
0.0949261
0.104035
0.111756
0.118483
0.124387
0.129555
0.134076
0.138058
0.141602
0.14478
0.147639
0.150214
0.152527
0.154649
0.156402
0.158946
5.71124e-05
0.000262586
0.000422805
0.00110552
0.000701599
0.000824995
0.00115859
0.00400093
0.00960216
0.0196605
0.0329614
0.0473327
0.0609807
0.0728333
0.0826607
0.0908079
0.0977714
0.10393
0.10947
0.11446
0.118934
0.122948
0.126555
0.129883
0.132639
0.136708
0
0
1.848e-16
1.54036e-11
9.2435e-05
0.000123176
0.000202136
4.49626e-09
0.00184974
0.000203085
0.00121107
0.0036547
0.00821231
0.0159683
0.0266135
0.0384587
0.0501411
0.0607388
0.0698348
0.0774979
0.084044
0.0898139
0.0950233
0.0998763
0.103899
0.109868
1.85659e-14
6.74303e-14
1.52345e-13
1.44536e-12
3.91599e-13
9.62053e-13
3.68719e-11
3.27092e-09
1.7271e-09
7.33057e-11
0.000213841
0.00069849
1.61654e-07
0.000181504
0.00087264
0.0025073
0.00564514
0.0107364
0.0186227
0.0280014
0.0378834
0.0474405
0.0560882
0.0637187
0.0696674
0.0780575
1.38884e-11
5.04387e-11
1.13949e-10
1.98584e-10
2.92867e-10
3.82037e-10
4.11422e-10
4.80049e-10
5.46468e-10
5.12633e-10
4.93894e-10
5.17834e-10
1.41712e-09
2.58789e-08
3.05079e-08
5.77175e-07
4.53482e-05
0.000185465
0.000505694
0.00133983
0.00306276
0.00605247
0.010545
0.0174043
0.0241676
0.0370097
1.83648e-09
2.0761e-09
2.1411e-09
2.1401e-09
2.11387e-09
2.07987e-09
2.04424e-09
2.00958e-09
1.98305e-09
1.96551e-09
1.94711e-09
1.9314e-09
1.93557e-09
1.85155e-09
1.80374e-09
1.29093e-09
7.23869e-10
5.52161e-10
3.63552e-10
2.26472e-10
4.02509e-10
1.33524e-06
4.73741e-05
0.000504447
0.000760861
0.00376998
1.27337e-09
1.19816e-09
1.14538e-09
1.10591e-09
1.07606e-09
1.05352e-09
1.03655e-09
1.02373e-09
1.01392e-09
1.00638e-09
1.00054e-09
9.95911e-10
9.92118e-10
9.89042e-10
9.87227e-10
9.87756e-10
9.8873e-10
9.84864e-10
9.98939e-10
9.94425e-10
9.49996e-10
6.0394e-11
2.30345e-09
2.88034e-08
3.66228e-07
5.60148e-06
9.68509e-10
9.667e-10
9.71347e-10
9.77667e-10
9.84132e-10
9.90199e-10
9.95667e-10
1.00049e-09
1.00472e-09
1.0084e-09
1.01162e-09
1.01442e-09
1.01694e-09
1.01914e-09
1.02111e-09
1.02289e-09
1.0245e-09
1.02597e-09
1.02718e-09
1.02871e-09
1.03026e-09
1.03029e-09
1.0257e-09
9.91241e-10
9.37087e-10
8.61795e-10
1.06685e-09
1.0739e-09
1.0778e-09
1.08041e-09
1.08228e-09
1.08366e-09
1.08466e-09
1.0854e-09
1.08596e-09
1.08639e-09
1.08672e-09
1.087e-09
1.08719e-09
1.08743e-09
1.08773e-09
1.088e-09
1.08817e-09
1.08832e-09
1.08846e-09
1.08859e-09
1.08872e-09
1.08885e-09
1.08898e-09
1.08919e-09
1.08933e-09
1.08984e-09
1.07259e-09
1.07288e-09
1.07263e-09
1.07223e-09
1.07183e-09
1.07149e-09
1.07123e-09
1.07104e-09
1.07092e-09
1.07086e-09
1.07085e-09
1.07088e-09
1.07095e-09
1.07105e-09
1.07116e-09
1.07139e-09
1.07165e-09
1.07184e-09
1.07201e-09
1.07218e-09
1.07235e-09
1.07252e-09
1.0727e-09
1.07289e-09
1.07308e-09
1.07325e-09
1.06543e-09
1.06632e-09
1.06697e-09
1.06759e-09
1.06823e-09
1.06892e-09
1.06966e-09
1.07045e-09
1.07128e-09
1.07214e-09
1.07301e-09
1.07391e-09
1.07481e-09
1.07572e-09
1.07667e-09
1.07749e-09
1.0781e-09
1.07863e-09
1.07916e-09
1.07971e-09
1.0803e-09
1.08092e-09
1.08157e-09
1.08229e-09
1.08289e-09
1.08415e-09
)
;

boundaryField
{
    sides
    {
        type            empty;
    }
    inlet
    {
        type            calculated;
        value           uniform 1.0441e-09;
    }
    topBot
    {
        type            calculated;
        value           nonuniform List<scalar> 
140
(
1.04413e-09
1.04419e-09
1.04425e-09
1.04431e-09
1.04437e-09
1.04442e-09
1.04446e-09
1.04448e-09
1.0445e-09
1.04452e-09
1.04454e-09
1.04455e-09
1.04457e-09
1.04459e-09
1.0446e-09
1.04462e-09
1.04463e-09
1.04464e-09
1.04464e-09
1.04464e-09
1.04465e-09
1.04465e-09
1.04465e-09
1.04466e-09
1.04467e-09
1.04469e-09
1.0447e-09
1.04472e-09
1.04475e-09
1.04477e-09
1.0448e-09
1.04483e-09
1.04486e-09
1.04489e-09
1.04493e-09
1.04496e-09
1.045e-09
1.04504e-09
1.04508e-09
1.04511e-09
1.04514e-09
1.04516e-09
1.04519e-09
1.0452e-09
1.0452e-09
1.04525e-09
1.04532e-09
1.04539e-09
1.04546e-09
1.04552e-09
1.04559e-09
1.04567e-09
1.04575e-09
1.04583e-09
1.04592e-09
1.04601e-09
1.0461e-09
1.04619e-09
1.04628e-09
1.04636e-09
1.04644e-09
1.04652e-09
1.0466e-09
1.04668e-09
1.04675e-09
1.04683e-09
1.0469e-09
1.04697e-09
1.04705e-09
1.04708e-09
1.04413e-09
1.04419e-09
1.04425e-09
1.04431e-09
1.04437e-09
1.04442e-09
1.04446e-09
1.04448e-09
1.0445e-09
1.04452e-09
1.04454e-09
1.04455e-09
1.04457e-09
1.04459e-09
1.0446e-09
1.04462e-09
1.04463e-09
1.04464e-09
1.04464e-09
1.04464e-09
1.04465e-09
1.04465e-09
1.04465e-09
1.04466e-09
1.04467e-09
1.04469e-09
1.0447e-09
1.04472e-09
1.04475e-09
1.04477e-09
1.0448e-09
1.04483e-09
1.04486e-09
1.04489e-09
1.04493e-09
1.04496e-09
1.045e-09
1.04504e-09
1.04508e-09
1.04511e-09
1.04514e-09
1.04516e-09
1.04519e-09
1.0452e-09
1.0452e-09
1.04525e-09
1.04532e-09
1.04539e-09
1.04546e-09
1.04552e-09
1.04559e-09
1.04567e-09
1.04575e-09
1.04583e-09
1.04592e-09
1.04601e-09
1.0461e-09
1.04619e-09
1.04628e-09
1.04636e-09
1.04644e-09
1.04652e-09
1.0466e-09
1.04668e-09
1.04675e-09
1.04683e-09
1.0469e-09
1.04697e-09
1.04705e-09
1.04708e-09
)
;
    }
    outlet
    {
        type            calculated;
        value           nonuniform List<scalar> 
66
(
1.10143e-09
1.09347e-09
1.09345e-09
1.09513e-09
1.09165e-09
1.08917e-09
1.08513e-09
1.08129e-09
1.07724e-09
1.07314e-09
1.06899e-09
1.06499e-09
1.06088e-09
1.0571e-09
1.05269e-09
1.04708e-09
1.10143e-09
1.09348e-09
1.09345e-09
1.09514e-09
1.09165e-09
1.08917e-09
1.08513e-09
1.08129e-09
1.07724e-09
1.07314e-09
1.06899e-09
1.06499e-09
1.06088e-09
1.0571e-09
1.05269e-09
1.04708e-09
1.08415e-09
1.07326e-09
1.08984e-09
9.47468e-10
5.67735e-07
0.00374988
0.0369342
0.0780027
0.109815
0.136658
0.158902
0.176704
0.19027
0.199919
0.206105
0.20943
0.21065
0.210653
0.209439
0.20612
0.199942
0.1903
0.176742
0.158946
0.136708
0.109868
0.0780575
0.0370097
0.00376998
5.60148e-06
8.61795e-10
1.08984e-09
1.07325e-09
1.08415e-09
)
;
    }
    wall
    {
        type            nutUSpaldingWallFunction;
        value           nonuniform List<scalar> 
136
(
0.000572574
0.000551964
0.00052975
0.000505984
0.000480692
0.000453901
0.000425634
0.000395911
0.000364746
0.000332089
0.000297812
0.000262056
0.000225243
0.000186403
0.000143398
0.000106149
7.96386e-05
7.96395e-05
0.000106151
0.0001434
0.000186406
0.000225245
0.000262058
0.000297814
0.000332091
0.000364748
0.000395913
0.000425636
0.000453903
0.000480694
0.000505986
0.000529752
0.000551966
0.000572576
9.8936e-05
0.000105598
0.000112326
0.000118458
0.000123446
0.000126862
0.00012839
0.000127806
0.000124999
0.000119865
0.000112368
0.000102653
9.08902e-05
7.73655e-05
6.16791e-05
4.66518e-05
3.59139e-05
3.59196e-05
4.66642e-05
6.16936e-05
7.73769e-05
9.08997e-05
0.000102661
0.000112373
0.000119868
0.000124999
0.000127803
0.000128385
0.000126855
0.000123438
0.000118448
0.000112316
0.000105589
9.89271e-05
0.000591538
0.000608833
0.000624513
0.000638625
0.000651016
0.000661487
0.000669883
0.00067605
0.000679812
0.000680954
0.000679352
0.000674985
0.000667638
0.000656867
0.00064208
0.000622663
0.000597835
0.000567059
0.000529148
0.000482967
0.000426474
0.000356943
0.000277502
0.00018814
7.78439e-05
8.11431e-05
0.000105379
0.000115117
0.000111632
9.75243e-05
8.96961e-05
8.72533e-05
8.90788e-05
9.31261e-05
0.000591536
0.000608832
0.000624512
0.000638623
0.000651014
0.000661485
0.000669881
0.000676049
0.000679811
0.000680953
0.000679351
0.000674984
0.000667638
0.000656867
0.00064208
0.000622664
0.000597836
0.000567061
0.00052915
0.00048297
0.000426477
0.000356947
0.000277507
0.000188146
7.78532e-05
8.11363e-05
0.000105379
0.000115117
0.000111633
9.75247e-05
8.96945e-05
8.72499e-05
8.90734e-05
9.31187e-05
)
;
    }
}


// ************************************************************************* //
