/*--------------------------------*- C++ -*----------------------------------*\
| =========                 |                                                 |
| \\      /  F ield         | OpenFOAM: The Open Source CFD Toolbox           |
|  \\    /   O peration     | Version:  2412                                  |
|   \\  /    A nd           | Website:  www.openfoam.com                      |
|    \\/     M anipulation  |                                                 |
\*---------------------------------------------------------------------------*/
FoamFile
{
    version     2.0;
    format      ascii;
    arch        "LSB;label=32;scalar=64";
    class       volScalarField;
    location    "1500";
    object      nuTilda;
}
// * * * * * * * * * * * * * * * * * * * * * * * * * * * * * * * * * * * * * //

dimensions      [0 2 -1 0 0 0 0];

internalField   nonuniform List<scalar> 
6320
(
5.84076e-06
5.84227e-06
5.84379e-06
5.84531e-06
5.84683e-06
5.84835e-06
5.84987e-06
5.85137e-06
5.85291e-06
5.85431e-06
5.84079e-06
5.84236e-06
5.84395e-06
5.84553e-06
5.84711e-06
5.84869e-06
5.85027e-06
5.85183e-06
5.85345e-06
5.85491e-06
5.84079e-06
5.84237e-06
5.84396e-06
5.84555e-06
5.84714e-06
5.84873e-06
5.85032e-06
5.85191e-06
5.8535e-06
5.85508e-06
5.84077e-06
5.84232e-06
5.84387e-06
5.84541e-06
5.84697e-06
5.84852e-06
5.85007e-06
5.85163e-06
5.85318e-06
5.85474e-06
5.84074e-06
5.84221e-06
5.84368e-06
5.84516e-06
5.84664e-06
5.84812e-06
5.8496e-06
5.85109e-06
5.85257e-06
5.85408e-06
5.84069e-06
5.84207e-06
5.84344e-06
5.84483e-06
5.84621e-06
5.84759e-06
5.84898e-06
5.85037e-06
5.85175e-06
5.85317e-06
5.84063e-06
5.8419e-06
5.84317e-06
5.84443e-06
5.8457e-06
5.84698e-06
5.84825e-06
5.84953e-06
5.8508e-06
5.8521e-06
5.84057e-06
5.84172e-06
5.84286e-06
5.84401e-06
5.84516e-06
5.84631e-06
5.84746e-06
5.84862e-06
5.84977e-06
5.85094e-06
5.84051e-06
5.84153e-06
5.84255e-06
5.84357e-06
5.84459e-06
5.84561e-06
5.84664e-06
5.84767e-06
5.84869e-06
5.84974e-06
5.84045e-06
5.84134e-06
5.84223e-06
5.84312e-06
5.84401e-06
5.84491e-06
5.84581e-06
5.84671e-06
5.8476e-06
5.84852e-06
5.84038e-06
5.84115e-06
5.84191e-06
5.84268e-06
5.84344e-06
5.84421e-06
5.84498e-06
5.84575e-06
5.84652e-06
5.8473e-06
5.84032e-06
5.84096e-06
5.8416e-06
5.84223e-06
5.84287e-06
5.84352e-06
5.84416e-06
5.8448e-06
5.84544e-06
5.8461e-06
5.84026e-06
5.84077e-06
5.84128e-06
5.84179e-06
5.84231e-06
5.84282e-06
5.84334e-06
5.84386e-06
5.84437e-06
5.8449e-06
5.84019e-06
5.84058e-06
5.84096e-06
5.84135e-06
5.84174e-06
5.84212e-06
5.84251e-06
5.8429e-06
5.84329e-06
5.84369e-06
5.84012e-06
5.84037e-06
5.84062e-06
5.84087e-06
5.84112e-06
5.84137e-06
5.84162e-06
5.84187e-06
5.84212e-06
5.84238e-06
5.84004e-06
5.84013e-06
5.84022e-06
5.84031e-06
5.84039e-06
5.84045e-06
5.84051e-06
5.84054e-06
5.84057e-06
5.84059e-06
5.85524e-06
5.85561e-06
5.85596e-06
5.8563e-06
5.85664e-06
5.85696e-06
5.85729e-06
5.85762e-06
5.85794e-06
5.85826e-06
5.85859e-06
5.85893e-06
5.85929e-06
5.85968e-06
5.8601e-06
5.86055e-06
5.86106e-06
5.86164e-06
5.86236e-06
5.86342e-06
5.86406e-06
5.86448e-06
5.86483e-06
5.86514e-06
5.86545e-06
5.86576e-06
5.86608e-06
5.8664e-06
5.86672e-06
5.86707e-06
5.86741e-06
5.86781e-06
5.86809e-06
5.86861e-06
5.85588e-06
5.85633e-06
5.85679e-06
5.85725e-06
5.85771e-06
5.85817e-06
5.85863e-06
5.85908e-06
5.85953e-06
5.85996e-06
5.86039e-06
5.86081e-06
5.86122e-06
5.86162e-06
5.86201e-06
5.8624e-06
5.86279e-06
5.86317e-06
5.86356e-06
5.86396e-06
5.86436e-06
5.86476e-06
5.86516e-06
5.86556e-06
5.86595e-06
5.86635e-06
5.86674e-06
5.86713e-06
5.86752e-06
5.8679e-06
5.86826e-06
5.86865e-06
5.86912e-06
5.8699e-06
5.85615e-06
5.85662e-06
5.85708e-06
5.85754e-06
5.858e-06
5.85846e-06
5.85891e-06
5.85936e-06
5.85981e-06
5.86026e-06
5.86071e-06
5.86117e-06
5.86162e-06
5.86207e-06
5.86252e-06
5.86298e-06
5.86342e-06
5.86388e-06
5.86434e-06
5.86498e-06
5.86573e-06
5.8663e-06
5.86678e-06
5.86723e-06
5.86766e-06
5.8681e-06
5.86852e-06
5.86895e-06
5.86938e-06
5.86981e-06
5.87023e-06
5.87066e-06
5.87106e-06
5.87149e-06
5.85578e-06
5.85624e-06
5.85669e-06
5.85714e-06
5.85759e-06
5.85804e-06
5.85849e-06
5.85894e-06
5.85939e-06
5.85984e-06
5.86029e-06
5.86074e-06
5.86118e-06
5.86163e-06
5.86208e-06
5.86252e-06
5.86297e-06
5.86341e-06
5.86386e-06
5.86431e-06
5.86476e-06
5.86521e-06
5.86566e-06
5.86612e-06
5.86657e-06
5.86703e-06
5.86748e-06
5.86794e-06
5.86839e-06
5.86885e-06
5.86931e-06
5.86977e-06
5.87021e-06
5.8707e-06
5.85508e-06
5.85552e-06
5.85595e-06
5.85637e-06
5.8568e-06
5.85722e-06
5.85765e-06
5.85807e-06
5.85849e-06
5.85892e-06
5.85934e-06
5.85977e-06
5.8602e-06
5.86062e-06
5.86105e-06
5.86148e-06
5.86191e-06
5.86235e-06
5.86278e-06
5.86322e-06
5.86364e-06
5.86411e-06
5.86456e-06
5.865e-06
5.86544e-06
5.86588e-06
5.86633e-06
5.86677e-06
5.86722e-06
5.86766e-06
5.86811e-06
5.86857e-06
5.86901e-06
5.86948e-06
5.8541e-06
5.85451e-06
5.85491e-06
5.8553e-06
5.8557e-06
5.8561e-06
5.85649e-06
5.85689e-06
5.85729e-06
5.85769e-06
5.85809e-06
5.85849e-06
5.85889e-06
5.85929e-06
5.85969e-06
5.8601e-06
5.8605e-06
5.86091e-06
5.86131e-06
5.86172e-06
5.86213e-06
5.86253e-06
5.86294e-06
5.86336e-06
5.86377e-06
5.86418e-06
5.8646e-06
5.86501e-06
5.86543e-06
5.86585e-06
5.86627e-06
5.8667e-06
5.86712e-06
5.86756e-06
5.85296e-06
5.85333e-06
5.8537e-06
5.85406e-06
5.85443e-06
5.85479e-06
5.85515e-06
5.85552e-06
5.85588e-06
5.85625e-06
5.85661e-06
5.85698e-06
5.85735e-06
5.85772e-06
5.85809e-06
5.85846e-06
5.85883e-06
5.85921e-06
5.85958e-06
5.85996e-06
5.86034e-06
5.86072e-06
5.8611e-06
5.86148e-06
5.86187e-06
5.86226e-06
5.86264e-06
5.86303e-06
5.86343e-06
5.86382e-06
5.86422e-06
5.86462e-06
5.86502e-06
5.86543e-06
5.85172e-06
5.85205e-06
5.85238e-06
5.85271e-06
5.85304e-06
5.85337e-06
5.8537e-06
5.85403e-06
5.85436e-06
5.85469e-06
5.85502e-06
5.85535e-06
5.85568e-06
5.85602e-06
5.85635e-06
5.85669e-06
5.85703e-06
5.85737e-06
5.85771e-06
5.85805e-06
5.85839e-06
5.85873e-06
5.85908e-06
5.85943e-06
5.85977e-06
5.86012e-06
5.86048e-06
5.86083e-06
5.86118e-06
5.86154e-06
5.8619e-06
5.86226e-06
5.86262e-06
5.863e-06
5.85043e-06
5.85072e-06
5.85102e-06
5.85131e-06
5.8516e-06
5.85189e-06
5.85219e-06
5.85248e-06
5.85277e-06
5.85307e-06
5.85336e-06
5.85366e-06
5.85395e-06
5.85425e-06
5.85455e-06
5.85485e-06
5.85515e-06
5.85545e-06
5.85576e-06
5.85606e-06
5.85637e-06
5.85667e-06
5.85698e-06
5.85729e-06
5.8576e-06
5.85792e-06
5.85823e-06
5.85855e-06
5.85887e-06
5.85919e-06
5.85951e-06
5.85983e-06
5.86016e-06
5.86049e-06
5.84912e-06
5.84938e-06
5.84964e-06
5.84989e-06
5.85015e-06
5.8504e-06
5.85066e-06
5.85092e-06
5.85117e-06
5.85143e-06
5.85169e-06
5.85195e-06
5.85221e-06
5.85247e-06
5.85273e-06
5.85299e-06
5.85325e-06
5.85352e-06
5.85378e-06
5.85405e-06
5.85432e-06
5.85459e-06
5.85486e-06
5.85513e-06
5.8554e-06
5.85568e-06
5.85595e-06
5.85623e-06
5.85651e-06
5.85679e-06
5.85707e-06
5.85736e-06
5.85764e-06
5.85794e-06
5.84781e-06
5.84804e-06
5.84826e-06
5.84848e-06
5.8487e-06
5.84891e-06
5.84913e-06
5.84935e-06
5.84957e-06
5.8498e-06
5.85002e-06
5.85024e-06
5.85046e-06
5.85069e-06
5.85091e-06
5.85114e-06
5.85136e-06
5.85159e-06
5.85182e-06
5.85205e-06
5.85228e-06
5.85251e-06
5.85274e-06
5.85297e-06
5.85321e-06
5.85344e-06
5.85368e-06
5.85392e-06
5.85415e-06
5.85439e-06
5.85464e-06
5.85488e-06
5.85512e-06
5.85538e-06
5.84653e-06
5.84672e-06
5.8469e-06
5.84708e-06
5.84727e-06
5.84745e-06
5.84763e-06
5.84782e-06
5.848e-06
5.84819e-06
5.84837e-06
5.84856e-06
5.84874e-06
5.84893e-06
5.84912e-06
5.84931e-06
5.8495e-06
5.84969e-06
5.84988e-06
5.85007e-06
5.85026e-06
5.85045e-06
5.85065e-06
5.85084e-06
5.85104e-06
5.85124e-06
5.85144e-06
5.85164e-06
5.85184e-06
5.85204e-06
5.85224e-06
5.85245e-06
5.85265e-06
5.85286e-06
5.84524e-06
5.84539e-06
5.84553e-06
5.84568e-06
5.84583e-06
5.84598e-06
5.84612e-06
5.84627e-06
5.84642e-06
5.84657e-06
5.84672e-06
5.84687e-06
5.84702e-06
5.84717e-06
5.84732e-06
5.84747e-06
5.84762e-06
5.84778e-06
5.84793e-06
5.84808e-06
5.84824e-06
5.84839e-06
5.84855e-06
5.8487e-06
5.84886e-06
5.84902e-06
5.84918e-06
5.84934e-06
5.84952e-06
5.84968e-06
5.84985e-06
5.85001e-06
5.85017e-06
5.85034e-06
5.84395e-06
5.84406e-06
5.84418e-06
5.84429e-06
5.8444e-06
5.84451e-06
5.84462e-06
5.84473e-06
5.84485e-06
5.84496e-06
5.84507e-06
5.84519e-06
5.8453e-06
5.84542e-06
5.84553e-06
5.84565e-06
5.84577e-06
5.8459e-06
5.84603e-06
5.84616e-06
5.8463e-06
5.84645e-06
5.8466e-06
5.84676e-06
5.84693e-06
5.84709e-06
5.84726e-06
5.84742e-06
5.84757e-06
5.84772e-06
5.84786e-06
5.84798e-06
5.84811e-06
5.84823e-06
5.84254e-06
5.84261e-06
5.84269e-06
5.84276e-06
5.84283e-06
5.8429e-06
5.84297e-06
5.84305e-06
5.84312e-06
5.84319e-06
5.84327e-06
5.84334e-06
5.84341e-06
5.84349e-06
5.84356e-06
5.84364e-06
5.84372e-06
5.84381e-06
5.84389e-06
5.84398e-06
5.84408e-06
5.84417e-06
5.84428e-06
5.84438e-06
5.8445e-06
5.84462e-06
5.84475e-06
5.84487e-06
5.84499e-06
5.8451e-06
5.84521e-06
5.84531e-06
5.84539e-06
5.84548e-06
5.84062e-06
5.84064e-06
5.84067e-06
5.84069e-06
5.84071e-06
5.84073e-06
5.84074e-06
5.84075e-06
5.84076e-06
5.84077e-06
5.84077e-06
5.84077e-06
5.84078e-06
5.84079e-06
5.84081e-06
5.84083e-06
5.84085e-06
5.84088e-06
5.84091e-06
5.84094e-06
5.84098e-06
5.84102e-06
5.84107e-06
5.84111e-06
5.84116e-06
5.84122e-06
5.84127e-06
5.84132e-06
5.84137e-06
5.84142e-06
5.84146e-06
5.84149e-06
5.84153e-06
5.84155e-06
5.87073e-06
5.87327e-06
5.87529e-06
5.87703e-06
5.87857e-06
5.88027e-06
5.88206e-06
5.88389e-06
5.88574e-06
5.8876e-06
5.88946e-06
5.89132e-06
5.8932e-06
5.89508e-06
5.89696e-06
5.89883e-06
5.90069e-06
5.90256e-06
5.90444e-06
5.90631e-06
5.90819e-06
5.91008e-06
5.91195e-06
5.9139e-06
5.9155e-06
5.91858e-06
5.87129e-06
5.87294e-06
5.8746e-06
5.87622e-06
5.8776e-06
5.87886e-06
5.88022e-06
5.88163e-06
5.88306e-06
5.88451e-06
5.88594e-06
5.88742e-06
5.88867e-06
5.88996e-06
5.89134e-06
5.89276e-06
5.8942e-06
5.89564e-06
5.89707e-06
5.89851e-06
5.89995e-06
5.90139e-06
5.90282e-06
5.90431e-06
5.90553e-06
5.90786e-06
5.87255e-06
5.87376e-06
5.87553e-06
5.8772e-06
5.8786e-06
5.8798e-06
5.88096e-06
5.88225e-06
5.88359e-06
5.88496e-06
5.88634e-06
5.88772e-06
5.8891e-06
5.89043e-06
5.8918e-06
5.89318e-06
5.89457e-06
5.89596e-06
5.89735e-06
5.89874e-06
5.90013e-06
5.90153e-06
5.90291e-06
5.90436e-06
5.90554e-06
5.90783e-06
5.87175e-06
5.87331e-06
5.87477e-06
5.87634e-06
5.87797e-06
5.87949e-06
5.88089e-06
5.88226e-06
5.88364e-06
5.88509e-06
5.88659e-06
5.88809e-06
5.8896e-06
5.89111e-06
5.89262e-06
5.89414e-06
5.89566e-06
5.89718e-06
5.8987e-06
5.90022e-06
5.90174e-06
5.90327e-06
5.90477e-06
5.90636e-06
5.90764e-06
5.9101e-06
5.87043e-06
5.87184e-06
5.87315e-06
5.87461e-06
5.87612e-06
5.87759e-06
5.87894e-06
5.8802e-06
5.88144e-06
5.88276e-06
5.8841e-06
5.88546e-06
5.88683e-06
5.8882e-06
5.88956e-06
5.89093e-06
5.89231e-06
5.89368e-06
5.89505e-06
5.89643e-06
5.8978e-06
5.89918e-06
5.90054e-06
5.90197e-06
5.90314e-06
5.90539e-06
5.86847e-06
5.86982e-06
5.87116e-06
5.87246e-06
5.87382e-06
5.87519e-06
5.87655e-06
5.87786e-06
5.87911e-06
5.88033e-06
5.88157e-06
5.88282e-06
5.88411e-06
5.88543e-06
5.88676e-06
5.88809e-06
5.88942e-06
5.89075e-06
5.89209e-06
5.89342e-06
5.89476e-06
5.8961e-06
5.89741e-06
5.89877e-06
5.89988e-06
5.90204e-06
5.86625e-06
5.86746e-06
5.86866e-06
5.86985e-06
5.87104e-06
5.87223e-06
5.87342e-06
5.87463e-06
5.8758e-06
5.87693e-06
5.87805e-06
5.8792e-06
5.88037e-06
5.88156e-06
5.88275e-06
5.88395e-06
5.88515e-06
5.88635e-06
5.88755e-06
5.88875e-06
5.88995e-06
5.89115e-06
5.89234e-06
5.89359e-06
5.89461e-06
5.89656e-06
5.86375e-06
5.86486e-06
5.86597e-06
5.86707e-06
5.86818e-06
5.86927e-06
5.87037e-06
5.87147e-06
5.87257e-06
5.87367e-06
5.87476e-06
5.87582e-06
5.87686e-06
5.8779e-06
5.87895e-06
5.88001e-06
5.88108e-06
5.88215e-06
5.88323e-06
5.88431e-06
5.88539e-06
5.88646e-06
5.88753e-06
5.88864e-06
5.88956e-06
5.89134e-06
5.86115e-06
5.86214e-06
5.86312e-06
5.86409e-06
5.86506e-06
5.86603e-06
5.867e-06
5.86797e-06
5.86894e-06
5.86991e-06
5.87088e-06
5.87185e-06
5.87279e-06
5.87373e-06
5.87467e-06
5.87562e-06
5.87658e-06
5.87755e-06
5.87853e-06
5.8795e-06
5.88048e-06
5.88145e-06
5.88241e-06
5.88342e-06
5.88424e-06
5.88581e-06
5.85851e-06
5.85939e-06
5.86025e-06
5.86111e-06
5.86197e-06
5.86283e-06
5.86369e-06
5.86454e-06
5.8654e-06
5.86626e-06
5.86711e-06
5.86797e-06
5.86883e-06
5.86968e-06
5.87054e-06
5.8714e-06
5.87226e-06
5.87311e-06
5.87395e-06
5.87477e-06
5.8756e-06
5.87643e-06
5.87725e-06
5.87811e-06
5.87882e-06
5.88021e-06
5.85587e-06
5.85661e-06
5.85735e-06
5.85809e-06
5.85883e-06
5.85956e-06
5.8603e-06
5.86103e-06
5.86176e-06
5.86249e-06
5.86323e-06
5.86396e-06
5.86469e-06
5.86542e-06
5.86616e-06
5.86689e-06
5.86762e-06
5.86836e-06
5.86909e-06
5.86981e-06
5.87053e-06
5.87125e-06
5.87196e-06
5.8727e-06
5.87332e-06
5.87451e-06
5.85328e-06
5.8539e-06
5.85452e-06
5.85514e-06
5.85576e-06
5.85638e-06
5.857e-06
5.85761e-06
5.85823e-06
5.85885e-06
5.85946e-06
5.86008e-06
5.86069e-06
5.86131e-06
5.86192e-06
5.86254e-06
5.86316e-06
5.86377e-06
5.86439e-06
5.86501e-06
5.86563e-06
5.86625e-06
5.86686e-06
5.86749e-06
5.86801e-06
5.86901e-06
5.85067e-06
5.85117e-06
5.85167e-06
5.85217e-06
5.85267e-06
5.85317e-06
5.85366e-06
5.85416e-06
5.85466e-06
5.85515e-06
5.85565e-06
5.85614e-06
5.85664e-06
5.85713e-06
5.85763e-06
5.85813e-06
5.85862e-06
5.85912e-06
5.85962e-06
5.86011e-06
5.86061e-06
5.86111e-06
5.8616e-06
5.86211e-06
5.86253e-06
5.86334e-06
5.84848e-06
5.84887e-06
5.84925e-06
5.84963e-06
5.85001e-06
5.85039e-06
5.85076e-06
5.85114e-06
5.85152e-06
5.8519e-06
5.85227e-06
5.85265e-06
5.85303e-06
5.85341e-06
5.85378e-06
5.85416e-06
5.85454e-06
5.85492e-06
5.85529e-06
5.85567e-06
5.85605e-06
5.85642e-06
5.85679e-06
5.85718e-06
5.8575e-06
5.85811e-06
5.84564e-06
5.84589e-06
5.84614e-06
5.84639e-06
5.84664e-06
5.84689e-06
5.84714e-06
5.84739e-06
5.84764e-06
5.84789e-06
5.84813e-06
5.84838e-06
5.84863e-06
5.84888e-06
5.84913e-06
5.84937e-06
5.84962e-06
5.84987e-06
5.85012e-06
5.85037e-06
5.85061e-06
5.85086e-06
5.85111e-06
5.85136e-06
5.85157e-06
5.85198e-06
5.84154e-06
5.84162e-06
5.84171e-06
5.84181e-06
5.8419e-06
5.842e-06
5.84209e-06
5.8422e-06
5.84231e-06
5.84243e-06
5.84256e-06
5.84268e-06
5.84281e-06
5.84293e-06
5.84305e-06
5.84317e-06
5.84328e-06
5.84339e-06
5.8435e-06
5.84361e-06
5.84371e-06
5.84382e-06
5.84392e-06
5.84402e-06
5.84413e-06
5.84417e-06
5.84076e-06
5.84227e-06
5.84379e-06
5.84531e-06
5.84683e-06
5.84835e-06
5.84987e-06
5.85137e-06
5.85291e-06
5.85431e-06
5.84079e-06
5.84236e-06
5.84395e-06
5.84553e-06
5.84711e-06
5.84869e-06
5.85027e-06
5.85183e-06
5.85345e-06
5.85491e-06
5.84079e-06
5.84237e-06
5.84396e-06
5.84555e-06
5.84714e-06
5.84873e-06
5.85032e-06
5.85191e-06
5.8535e-06
5.85508e-06
5.84077e-06
5.84232e-06
5.84387e-06
5.84541e-06
5.84697e-06
5.84852e-06
5.85007e-06
5.85163e-06
5.85318e-06
5.85474e-06
5.84074e-06
5.84221e-06
5.84368e-06
5.84516e-06
5.84664e-06
5.84812e-06
5.8496e-06
5.85109e-06
5.85257e-06
5.85408e-06
5.84069e-06
5.84207e-06
5.84344e-06
5.84483e-06
5.84621e-06
5.84759e-06
5.84898e-06
5.85037e-06
5.85175e-06
5.85317e-06
5.84063e-06
5.8419e-06
5.84317e-06
5.84443e-06
5.8457e-06
5.84698e-06
5.84825e-06
5.84953e-06
5.8508e-06
5.8521e-06
5.84057e-06
5.84172e-06
5.84286e-06
5.84401e-06
5.84516e-06
5.84631e-06
5.84746e-06
5.84862e-06
5.84977e-06
5.85094e-06
5.84051e-06
5.84153e-06
5.84255e-06
5.84357e-06
5.84459e-06
5.84561e-06
5.84664e-06
5.84767e-06
5.84869e-06
5.84974e-06
5.84045e-06
5.84134e-06
5.84223e-06
5.84312e-06
5.84401e-06
5.84491e-06
5.84581e-06
5.84671e-06
5.8476e-06
5.84852e-06
5.84038e-06
5.84115e-06
5.84191e-06
5.84268e-06
5.84344e-06
5.84421e-06
5.84498e-06
5.84575e-06
5.84652e-06
5.8473e-06
5.84032e-06
5.84096e-06
5.8416e-06
5.84223e-06
5.84287e-06
5.84351e-06
5.84416e-06
5.8448e-06
5.84544e-06
5.8461e-06
5.84026e-06
5.84077e-06
5.84128e-06
5.84179e-06
5.84231e-06
5.84282e-06
5.84334e-06
5.84386e-06
5.84437e-06
5.8449e-06
5.84019e-06
5.84058e-06
5.84096e-06
5.84135e-06
5.84174e-06
5.84212e-06
5.84251e-06
5.8429e-06
5.84329e-06
5.84369e-06
5.84012e-06
5.84037e-06
5.84062e-06
5.84087e-06
5.84112e-06
5.84137e-06
5.84162e-06
5.84187e-06
5.84212e-06
5.84238e-06
5.84004e-06
5.84013e-06
5.84022e-06
5.84031e-06
5.84039e-06
5.84045e-06
5.84051e-06
5.84054e-06
5.84057e-06
5.84059e-06
5.85524e-06
5.85561e-06
5.85596e-06
5.8563e-06
5.85664e-06
5.85696e-06
5.85729e-06
5.85762e-06
5.85794e-06
5.85826e-06
5.85859e-06
5.85893e-06
5.85929e-06
5.85968e-06
5.8601e-06
5.86055e-06
5.86106e-06
5.86164e-06
5.86236e-06
5.86342e-06
5.86406e-06
5.86448e-06
5.86483e-06
5.86515e-06
5.86546e-06
5.86577e-06
5.86608e-06
5.8664e-06
5.86673e-06
5.86707e-06
5.86741e-06
5.86781e-06
5.8681e-06
5.86861e-06
5.85588e-06
5.85633e-06
5.85679e-06
5.85725e-06
5.85771e-06
5.85817e-06
5.85863e-06
5.85908e-06
5.85953e-06
5.85996e-06
5.86039e-06
5.86081e-06
5.86122e-06
5.86162e-06
5.86201e-06
5.8624e-06
5.86279e-06
5.86317e-06
5.86356e-06
5.86396e-06
5.86436e-06
5.86476e-06
5.86516e-06
5.86556e-06
5.86595e-06
5.86635e-06
5.86674e-06
5.86713e-06
5.86752e-06
5.8679e-06
5.86826e-06
5.86865e-06
5.86912e-06
5.8699e-06
5.85615e-06
5.85662e-06
5.85708e-06
5.85754e-06
5.858e-06
5.85846e-06
5.85891e-06
5.85936e-06
5.85981e-06
5.86026e-06
5.86071e-06
5.86117e-06
5.86162e-06
5.86207e-06
5.86252e-06
5.86298e-06
5.86342e-06
5.86388e-06
5.86434e-06
5.86498e-06
5.86573e-06
5.86631e-06
5.86679e-06
5.86723e-06
5.86767e-06
5.8681e-06
5.86852e-06
5.86895e-06
5.86938e-06
5.86981e-06
5.87023e-06
5.87066e-06
5.87106e-06
5.87149e-06
5.85578e-06
5.85624e-06
5.85669e-06
5.85714e-06
5.85759e-06
5.85804e-06
5.85849e-06
5.85894e-06
5.85939e-06
5.85984e-06
5.86029e-06
5.86074e-06
5.86118e-06
5.86163e-06
5.86208e-06
5.86252e-06
5.86297e-06
5.86341e-06
5.86386e-06
5.86431e-06
5.86476e-06
5.86521e-06
5.86566e-06
5.86612e-06
5.86657e-06
5.86703e-06
5.86748e-06
5.86794e-06
5.86839e-06
5.86885e-06
5.86931e-06
5.86977e-06
5.87021e-06
5.8707e-06
5.85508e-06
5.85552e-06
5.85595e-06
5.85637e-06
5.8568e-06
5.85722e-06
5.85764e-06
5.85807e-06
5.85849e-06
5.85892e-06
5.85934e-06
5.85977e-06
5.8602e-06
5.86062e-06
5.86105e-06
5.86148e-06
5.86191e-06
5.86235e-06
5.86278e-06
5.86322e-06
5.86364e-06
5.86411e-06
5.86456e-06
5.865e-06
5.86544e-06
5.86588e-06
5.86633e-06
5.86677e-06
5.86722e-06
5.86766e-06
5.86811e-06
5.86857e-06
5.86901e-06
5.86948e-06
5.8541e-06
5.85451e-06
5.85491e-06
5.8553e-06
5.8557e-06
5.8561e-06
5.85649e-06
5.85689e-06
5.85729e-06
5.85769e-06
5.85809e-06
5.85849e-06
5.85889e-06
5.85929e-06
5.85969e-06
5.8601e-06
5.8605e-06
5.86091e-06
5.86131e-06
5.86172e-06
5.86213e-06
5.86253e-06
5.86294e-06
5.86336e-06
5.86377e-06
5.86418e-06
5.8646e-06
5.86501e-06
5.86543e-06
5.86585e-06
5.86627e-06
5.8667e-06
5.86712e-06
5.86756e-06
5.85296e-06
5.85333e-06
5.8537e-06
5.85406e-06
5.85443e-06
5.85479e-06
5.85515e-06
5.85552e-06
5.85588e-06
5.85625e-06
5.85661e-06
5.85698e-06
5.85735e-06
5.85772e-06
5.85809e-06
5.85846e-06
5.85883e-06
5.85921e-06
5.85958e-06
5.85996e-06
5.86034e-06
5.86072e-06
5.8611e-06
5.86148e-06
5.86187e-06
5.86226e-06
5.86264e-06
5.86304e-06
5.86343e-06
5.86382e-06
5.86422e-06
5.86462e-06
5.86502e-06
5.86543e-06
5.85172e-06
5.85205e-06
5.85238e-06
5.85271e-06
5.85304e-06
5.85337e-06
5.8537e-06
5.85403e-06
5.85436e-06
5.85469e-06
5.85502e-06
5.85535e-06
5.85568e-06
5.85602e-06
5.85635e-06
5.85669e-06
5.85703e-06
5.85737e-06
5.85771e-06
5.85805e-06
5.85839e-06
5.85873e-06
5.85908e-06
5.85943e-06
5.85977e-06
5.86012e-06
5.86048e-06
5.86083e-06
5.86119e-06
5.86154e-06
5.8619e-06
5.86226e-06
5.86262e-06
5.863e-06
5.85043e-06
5.85072e-06
5.85102e-06
5.85131e-06
5.8516e-06
5.85189e-06
5.85219e-06
5.85248e-06
5.85277e-06
5.85307e-06
5.85336e-06
5.85366e-06
5.85395e-06
5.85425e-06
5.85455e-06
5.85485e-06
5.85515e-06
5.85545e-06
5.85576e-06
5.85606e-06
5.85637e-06
5.85667e-06
5.85698e-06
5.85729e-06
5.8576e-06
5.85792e-06
5.85823e-06
5.85855e-06
5.85887e-06
5.85919e-06
5.85951e-06
5.85983e-06
5.86016e-06
5.86049e-06
5.84912e-06
5.84938e-06
5.84964e-06
5.84989e-06
5.85015e-06
5.8504e-06
5.85066e-06
5.85092e-06
5.85117e-06
5.85143e-06
5.85169e-06
5.85195e-06
5.85221e-06
5.85247e-06
5.85273e-06
5.85299e-06
5.85325e-06
5.85352e-06
5.85378e-06
5.85405e-06
5.85432e-06
5.85459e-06
5.85486e-06
5.85513e-06
5.8554e-06
5.85568e-06
5.85595e-06
5.85623e-06
5.85651e-06
5.85679e-06
5.85707e-06
5.85736e-06
5.85764e-06
5.85794e-06
5.84781e-06
5.84804e-06
5.84826e-06
5.84848e-06
5.8487e-06
5.84891e-06
5.84913e-06
5.84935e-06
5.84957e-06
5.8498e-06
5.85002e-06
5.85024e-06
5.85046e-06
5.85069e-06
5.85091e-06
5.85114e-06
5.85136e-06
5.85159e-06
5.85182e-06
5.85205e-06
5.85228e-06
5.85251e-06
5.85274e-06
5.85297e-06
5.85321e-06
5.85344e-06
5.85368e-06
5.85392e-06
5.85415e-06
5.85439e-06
5.85464e-06
5.85488e-06
5.85512e-06
5.85538e-06
5.84653e-06
5.84672e-06
5.8469e-06
5.84708e-06
5.84727e-06
5.84745e-06
5.84763e-06
5.84782e-06
5.848e-06
5.84819e-06
5.84837e-06
5.84856e-06
5.84874e-06
5.84893e-06
5.84912e-06
5.84931e-06
5.8495e-06
5.84969e-06
5.84988e-06
5.85007e-06
5.85026e-06
5.85045e-06
5.85065e-06
5.85084e-06
5.85104e-06
5.85124e-06
5.85144e-06
5.85164e-06
5.85184e-06
5.85204e-06
5.85224e-06
5.85245e-06
5.85265e-06
5.85286e-06
5.84524e-06
5.84539e-06
5.84553e-06
5.84568e-06
5.84583e-06
5.84598e-06
5.84612e-06
5.84627e-06
5.84642e-06
5.84657e-06
5.84672e-06
5.84687e-06
5.84702e-06
5.84717e-06
5.84732e-06
5.84747e-06
5.84762e-06
5.84778e-06
5.84793e-06
5.84808e-06
5.84824e-06
5.84839e-06
5.84855e-06
5.8487e-06
5.84886e-06
5.84902e-06
5.84918e-06
5.84934e-06
5.84952e-06
5.84968e-06
5.84985e-06
5.85001e-06
5.85017e-06
5.85034e-06
5.84395e-06
5.84406e-06
5.84418e-06
5.84429e-06
5.8444e-06
5.84451e-06
5.84462e-06
5.84473e-06
5.84485e-06
5.84496e-06
5.84507e-06
5.84519e-06
5.8453e-06
5.84542e-06
5.84553e-06
5.84565e-06
5.84577e-06
5.8459e-06
5.84603e-06
5.84616e-06
5.8463e-06
5.84645e-06
5.8466e-06
5.84676e-06
5.84693e-06
5.84709e-06
5.84726e-06
5.84742e-06
5.84757e-06
5.84772e-06
5.84786e-06
5.84798e-06
5.84811e-06
5.84823e-06
5.84254e-06
5.84261e-06
5.84269e-06
5.84276e-06
5.84283e-06
5.8429e-06
5.84297e-06
5.84305e-06
5.84312e-06
5.84319e-06
5.84327e-06
5.84334e-06
5.84341e-06
5.84349e-06
5.84356e-06
5.84364e-06
5.84372e-06
5.84381e-06
5.84389e-06
5.84398e-06
5.84408e-06
5.84417e-06
5.84428e-06
5.84438e-06
5.8445e-06
5.84462e-06
5.84475e-06
5.84487e-06
5.84499e-06
5.8451e-06
5.84521e-06
5.84531e-06
5.84539e-06
5.84548e-06
5.84062e-06
5.84064e-06
5.84067e-06
5.84069e-06
5.84071e-06
5.84073e-06
5.84074e-06
5.84075e-06
5.84076e-06
5.84077e-06
5.84077e-06
5.84077e-06
5.84078e-06
5.84079e-06
5.84081e-06
5.84083e-06
5.84085e-06
5.84088e-06
5.84091e-06
5.84094e-06
5.84098e-06
5.84102e-06
5.84107e-06
5.84111e-06
5.84116e-06
5.84122e-06
5.84127e-06
5.84132e-06
5.84137e-06
5.84142e-06
5.84146e-06
5.84149e-06
5.84153e-06
5.84155e-06
5.87074e-06
5.87327e-06
5.87529e-06
5.87703e-06
5.87857e-06
5.88027e-06
5.88206e-06
5.88389e-06
5.88574e-06
5.8876e-06
5.88947e-06
5.89133e-06
5.89321e-06
5.89509e-06
5.89696e-06
5.89883e-06
5.9007e-06
5.90257e-06
5.90444e-06
5.90632e-06
5.9082e-06
5.91009e-06
5.91196e-06
5.91391e-06
5.91551e-06
5.91859e-06
5.87129e-06
5.87294e-06
5.8746e-06
5.87622e-06
5.87761e-06
5.87886e-06
5.88022e-06
5.88163e-06
5.88307e-06
5.88451e-06
5.88594e-06
5.88743e-06
5.88867e-06
5.88997e-06
5.89134e-06
5.89277e-06
5.8942e-06
5.89564e-06
5.89708e-06
5.89852e-06
5.89996e-06
5.9014e-06
5.90283e-06
5.90431e-06
5.90554e-06
5.90787e-06
5.87255e-06
5.87376e-06
5.87553e-06
5.87721e-06
5.8786e-06
5.8798e-06
5.88096e-06
5.88225e-06
5.8836e-06
5.88496e-06
5.88634e-06
5.88773e-06
5.88911e-06
5.89043e-06
5.8918e-06
5.89318e-06
5.89457e-06
5.89596e-06
5.89735e-06
5.89875e-06
5.90014e-06
5.90153e-06
5.90292e-06
5.90436e-06
5.90555e-06
5.90784e-06
5.87175e-06
5.87331e-06
5.87477e-06
5.87634e-06
5.87798e-06
5.87949e-06
5.88089e-06
5.88226e-06
5.88364e-06
5.8851e-06
5.88659e-06
5.88809e-06
5.8896e-06
5.89111e-06
5.89263e-06
5.89414e-06
5.89566e-06
5.89718e-06
5.8987e-06
5.90022e-06
5.90174e-06
5.90327e-06
5.90478e-06
5.90636e-06
5.90765e-06
5.91011e-06
5.87043e-06
5.87184e-06
5.87315e-06
5.87461e-06
5.87612e-06
5.87759e-06
5.87894e-06
5.8802e-06
5.88144e-06
5.88276e-06
5.88411e-06
5.88547e-06
5.88683e-06
5.8882e-06
5.88957e-06
5.89094e-06
5.89231e-06
5.89368e-06
5.89505e-06
5.89643e-06
5.8978e-06
5.89918e-06
5.90055e-06
5.90197e-06
5.90314e-06
5.9054e-06
5.86847e-06
5.86982e-06
5.87116e-06
5.87246e-06
5.87382e-06
5.87519e-06
5.87655e-06
5.87786e-06
5.87911e-06
5.88033e-06
5.88157e-06
5.88282e-06
5.88412e-06
5.88543e-06
5.88676e-06
5.88809e-06
5.88942e-06
5.89076e-06
5.89209e-06
5.89343e-06
5.89477e-06
5.8961e-06
5.89741e-06
5.89877e-06
5.89988e-06
5.90204e-06
5.86625e-06
5.86746e-06
5.86866e-06
5.86985e-06
5.87105e-06
5.87223e-06
5.87342e-06
5.87463e-06
5.8758e-06
5.87693e-06
5.87806e-06
5.8792e-06
5.88037e-06
5.88156e-06
5.88276e-06
5.88395e-06
5.88515e-06
5.88635e-06
5.88755e-06
5.88875e-06
5.88995e-06
5.89115e-06
5.89234e-06
5.89359e-06
5.89461e-06
5.89657e-06
5.86375e-06
5.86486e-06
5.86597e-06
5.86708e-06
5.86818e-06
5.86927e-06
5.87037e-06
5.87147e-06
5.87257e-06
5.87367e-06
5.87476e-06
5.87582e-06
5.87686e-06
5.8779e-06
5.87895e-06
5.88001e-06
5.88108e-06
5.88216e-06
5.88323e-06
5.88431e-06
5.88539e-06
5.88646e-06
5.88753e-06
5.88864e-06
5.88956e-06
5.89134e-06
5.86115e-06
5.86214e-06
5.86312e-06
5.86409e-06
5.86506e-06
5.86603e-06
5.867e-06
5.86797e-06
5.86894e-06
5.86991e-06
5.87088e-06
5.87185e-06
5.8728e-06
5.87373e-06
5.87467e-06
5.87562e-06
5.87658e-06
5.87755e-06
5.87853e-06
5.8795e-06
5.88048e-06
5.88145e-06
5.88242e-06
5.88342e-06
5.88424e-06
5.88581e-06
5.85852e-06
5.85939e-06
5.86025e-06
5.86111e-06
5.86197e-06
5.86283e-06
5.86369e-06
5.86455e-06
5.8654e-06
5.86626e-06
5.86711e-06
5.86797e-06
5.86883e-06
5.86969e-06
5.87054e-06
5.8714e-06
5.87226e-06
5.87311e-06
5.87395e-06
5.87477e-06
5.8756e-06
5.87643e-06
5.87725e-06
5.87811e-06
5.87882e-06
5.88021e-06
5.85587e-06
5.85661e-06
5.85735e-06
5.85809e-06
5.85883e-06
5.85956e-06
5.8603e-06
5.86103e-06
5.86176e-06
5.86249e-06
5.86323e-06
5.86396e-06
5.86469e-06
5.86542e-06
5.86616e-06
5.86689e-06
5.86763e-06
5.86836e-06
5.86909e-06
5.86981e-06
5.87053e-06
5.87125e-06
5.87196e-06
5.8727e-06
5.87332e-06
5.87451e-06
5.85328e-06
5.8539e-06
5.85452e-06
5.85514e-06
5.85576e-06
5.85638e-06
5.857e-06
5.85761e-06
5.85823e-06
5.85885e-06
5.85946e-06
5.86008e-06
5.86069e-06
5.86131e-06
5.86193e-06
5.86254e-06
5.86316e-06
5.86378e-06
5.86439e-06
5.86501e-06
5.86563e-06
5.86625e-06
5.86686e-06
5.86749e-06
5.86801e-06
5.86901e-06
5.85067e-06
5.85118e-06
5.85168e-06
5.85217e-06
5.85267e-06
5.85317e-06
5.85367e-06
5.85416e-06
5.85466e-06
5.85515e-06
5.85565e-06
5.85614e-06
5.85664e-06
5.85713e-06
5.85763e-06
5.85813e-06
5.85862e-06
5.85912e-06
5.85962e-06
5.86011e-06
5.86061e-06
5.86111e-06
5.8616e-06
5.86211e-06
5.86254e-06
5.86334e-06
5.84848e-06
5.84887e-06
5.84925e-06
5.84963e-06
5.85001e-06
5.85039e-06
5.85076e-06
5.85114e-06
5.85152e-06
5.8519e-06
5.85227e-06
5.85265e-06
5.85303e-06
5.85341e-06
5.85378e-06
5.85416e-06
5.85454e-06
5.85492e-06
5.85529e-06
5.85567e-06
5.85605e-06
5.85642e-06
5.85679e-06
5.85718e-06
5.8575e-06
5.85811e-06
5.84564e-06
5.84589e-06
5.84614e-06
5.84639e-06
5.84664e-06
5.84689e-06
5.84714e-06
5.84739e-06
5.84764e-06
5.84789e-06
5.84813e-06
5.84838e-06
5.84863e-06
5.84888e-06
5.84913e-06
5.84937e-06
5.84962e-06
5.84987e-06
5.85012e-06
5.85037e-06
5.85061e-06
5.85086e-06
5.85111e-06
5.85136e-06
5.85157e-06
5.85198e-06
5.84154e-06
5.84162e-06
5.84171e-06
5.84181e-06
5.8419e-06
5.842e-06
5.84209e-06
5.8422e-06
5.84231e-06
5.84243e-06
5.84256e-06
5.84268e-06
5.84281e-06
5.84293e-06
5.84305e-06
5.84317e-06
5.84328e-06
5.84339e-06
5.8435e-06
5.84361e-06
5.84371e-06
5.84382e-06
5.84392e-06
5.84402e-06
5.84413e-06
5.84417e-06
5.84072e-06
5.84217e-06
5.84362e-06
5.84508e-06
5.84652e-06
5.84798e-06
5.8494e-06
5.85089e-06
5.85213e-06
5.854e-06
5.8407e-06
5.8421e-06
5.8435e-06
5.8449e-06
5.8463e-06
5.8477e-06
5.84908e-06
5.8505e-06
5.85174e-06
5.85354e-06
5.84067e-06
5.84202e-06
5.84336e-06
5.84471e-06
5.84606e-06
5.8474e-06
5.84873e-06
5.85007e-06
5.85132e-06
5.8529e-06
5.84064e-06
5.84193e-06
5.84321e-06
5.8445e-06
5.84578e-06
5.84706e-06
5.84834e-06
5.84959e-06
5.85087e-06
5.8522e-06
5.84061e-06
5.84183e-06
5.84305e-06
5.84427e-06
5.84549e-06
5.8467e-06
5.84792e-06
5.84906e-06
5.85036e-06
5.85144e-06
5.84057e-06
5.84172e-06
5.84287e-06
5.84402e-06
5.84516e-06
5.8463e-06
5.84746e-06
5.8485e-06
5.84982e-06
5.85061e-06
5.84053e-06
5.8416e-06
5.84267e-06
5.84374e-06
5.84481e-06
5.84587e-06
5.84696e-06
5.84789e-06
5.84923e-06
5.8497e-06
5.84049e-06
5.84148e-06
5.84247e-06
5.84345e-06
5.84444e-06
5.84541e-06
5.84643e-06
5.84725e-06
5.84856e-06
5.84889e-06
5.84045e-06
5.84134e-06
5.84224e-06
5.84314e-06
5.84404e-06
5.84492e-06
5.84585e-06
5.84659e-06
5.84777e-06
5.84832e-06
5.8404e-06
5.84121e-06
5.84201e-06
5.84282e-06
5.84362e-06
5.84441e-06
5.84525e-06
5.8459e-06
5.84695e-06
5.84766e-06
5.84035e-06
5.84106e-06
5.84177e-06
5.84247e-06
5.84318e-06
5.84387e-06
5.84461e-06
5.84517e-06
5.84609e-06
5.84692e-06
5.8403e-06
5.84091e-06
5.84151e-06
5.84212e-06
5.84273e-06
5.84331e-06
5.84395e-06
5.84442e-06
5.8452e-06
5.84609e-06
5.84025e-06
5.84075e-06
5.84125e-06
5.84175e-06
5.84225e-06
5.84274e-06
5.84327e-06
5.84365e-06
5.84429e-06
5.84516e-06
5.8402e-06
5.84059e-06
5.84098e-06
5.84137e-06
5.84177e-06
5.84214e-06
5.84256e-06
5.84286e-06
5.84336e-06
5.84414e-06
5.84014e-06
5.84042e-06
5.8407e-06
5.84099e-06
5.84127e-06
5.84154e-06
5.84184e-06
5.84205e-06
5.84241e-06
5.84303e-06
5.84008e-06
5.84025e-06
5.84042e-06
5.84059e-06
5.84076e-06
5.84093e-06
5.84111e-06
5.84123e-06
5.84144e-06
5.84185e-06
5.84003e-06
5.84009e-06
5.84014e-06
5.8402e-06
5.84026e-06
5.84031e-06
5.84037e-06
5.84042e-06
5.84049e-06
5.84063e-06
5.84003e-06
5.84009e-06
5.84014e-06
5.8402e-06
5.84026e-06
5.84031e-06
5.84037e-06
5.84042e-06
5.84049e-06
5.84063e-06
5.84008e-06
5.84025e-06
5.84042e-06
5.84059e-06
5.84076e-06
5.84093e-06
5.84111e-06
5.84123e-06
5.84144e-06
5.84185e-06
5.84014e-06
5.84042e-06
5.8407e-06
5.84099e-06
5.84127e-06
5.84154e-06
5.84184e-06
5.84205e-06
5.84241e-06
5.84303e-06
5.8402e-06
5.84059e-06
5.84098e-06
5.84137e-06
5.84177e-06
5.84214e-06
5.84256e-06
5.84286e-06
5.84336e-06
5.84414e-06
5.84025e-06
5.84075e-06
5.84125e-06
5.84175e-06
5.84225e-06
5.84274e-06
5.84327e-06
5.84365e-06
5.84429e-06
5.84516e-06
5.8403e-06
5.84091e-06
5.84151e-06
5.84212e-06
5.84273e-06
5.84331e-06
5.84395e-06
5.84442e-06
5.8452e-06
5.84609e-06
5.84035e-06
5.84106e-06
5.84177e-06
5.84247e-06
5.84318e-06
5.84387e-06
5.84461e-06
5.84517e-06
5.84609e-06
5.84692e-06
5.8404e-06
5.84121e-06
5.84201e-06
5.84282e-06
5.84362e-06
5.84441e-06
5.84525e-06
5.8459e-06
5.84695e-06
5.84766e-06
5.84045e-06
5.84134e-06
5.84224e-06
5.84314e-06
5.84404e-06
5.84492e-06
5.84585e-06
5.84659e-06
5.84777e-06
5.84832e-06
5.84049e-06
5.84148e-06
5.84247e-06
5.84345e-06
5.84444e-06
5.84541e-06
5.84643e-06
5.84725e-06
5.84856e-06
5.84889e-06
5.84053e-06
5.8416e-06
5.84267e-06
5.84374e-06
5.84481e-06
5.84587e-06
5.84696e-06
5.84789e-06
5.84923e-06
5.8497e-06
5.84057e-06
5.84172e-06
5.84287e-06
5.84402e-06
5.84516e-06
5.8463e-06
5.84746e-06
5.8485e-06
5.84982e-06
5.85061e-06
5.84061e-06
5.84183e-06
5.84305e-06
5.84427e-06
5.84549e-06
5.8467e-06
5.84792e-06
5.84906e-06
5.85036e-06
5.85144e-06
5.84064e-06
5.84193e-06
5.84321e-06
5.8445e-06
5.84578e-06
5.84706e-06
5.84834e-06
5.84959e-06
5.85087e-06
5.8522e-06
5.84067e-06
5.84202e-06
5.84336e-06
5.84471e-06
5.84606e-06
5.8474e-06
5.84873e-06
5.85007e-06
5.85132e-06
5.8529e-06
5.8407e-06
5.8421e-06
5.8435e-06
5.8449e-06
5.8463e-06
5.8477e-06
5.84908e-06
5.8505e-06
5.85174e-06
5.85354e-06
5.84072e-06
5.84217e-06
5.84362e-06
5.84508e-06
5.84652e-06
5.84798e-06
5.8494e-06
5.85089e-06
5.85213e-06
5.854e-06
5.85457e-06
5.85449e-06
5.85403e-06
5.85343e-06
5.85287e-06
5.8524e-06
5.85203e-06
5.85169e-06
5.85136e-06
5.85098e-06
5.85054e-06
5.85004e-06
5.84952e-06
5.8489e-06
5.84834e-06
5.84742e-06
5.84725e-06
5.84273e-06
5.86332e-06
5.85339e-06
5.85286e-06
5.8522e-06
5.85159e-06
5.85106e-06
5.8506e-06
5.85018e-06
5.84978e-06
5.84933e-06
5.84883e-06
5.84829e-06
5.84772e-06
5.84714e-06
5.84657e-06
5.84601e-06
5.84542e-06
5.84519e-06
5.84207e-06
5.86062e-06
5.85284e-06
5.85245e-06
5.85194e-06
5.8514e-06
5.85089e-06
5.85044e-06
5.85e-06
5.84956e-06
5.84906e-06
5.84853e-06
5.84796e-06
5.8474e-06
5.84683e-06
5.84629e-06
5.84573e-06
5.84523e-06
5.84487e-06
5.84203e-06
5.85839e-06
5.85203e-06
5.85157e-06
5.85104e-06
5.85056e-06
5.85015e-06
5.84977e-06
5.84938e-06
5.84894e-06
5.84845e-06
5.84792e-06
5.84738e-06
5.84683e-06
5.8463e-06
5.84579e-06
5.84528e-06
5.84479e-06
5.8445e-06
5.84205e-06
5.85593e-06
5.8512e-06
5.85078e-06
5.85037e-06
5.85002e-06
5.8497e-06
5.84935e-06
5.84896e-06
5.84851e-06
5.84802e-06
5.84751e-06
5.84699e-06
5.84647e-06
5.84597e-06
5.84549e-06
5.84502e-06
5.84456e-06
5.8443e-06
5.84211e-06
5.85377e-06
5.85035e-06
5.85003e-06
5.84974e-06
5.84947e-06
5.84918e-06
5.84883e-06
5.84842e-06
5.84796e-06
5.84748e-06
5.84699e-06
5.84649e-06
5.84601e-06
5.84554e-06
5.84509e-06
5.84465e-06
5.84422e-06
5.84398e-06
5.84207e-06
5.85171e-06
5.84955e-06
5.84938e-06
5.84919e-06
5.84895e-06
5.84865e-06
5.84828e-06
5.84786e-06
5.84741e-06
5.84694e-06
5.84647e-06
5.84601e-06
5.84556e-06
5.84512e-06
5.8447e-06
5.8443e-06
5.84389e-06
5.84368e-06
5.84201e-06
5.84986e-06
5.84892e-06
5.84883e-06
5.84865e-06
5.84839e-06
5.84806e-06
5.84767e-06
5.84726e-06
5.84682e-06
5.84637e-06
5.84593e-06
5.8455e-06
5.84507e-06
5.84467e-06
5.84428e-06
5.84391e-06
5.84354e-06
5.84336e-06
5.84191e-06
5.84819e-06
5.8484e-06
5.84828e-06
5.84805e-06
5.84775e-06
5.84741e-06
5.84702e-06
5.84662e-06
5.8462e-06
5.84578e-06
5.84537e-06
5.84497e-06
5.84458e-06
5.8442e-06
5.84385e-06
5.84352e-06
5.84319e-06
5.84303e-06
5.84178e-06
5.84674e-06
5.84777e-06
5.84762e-06
5.84737e-06
5.84705e-06
5.8467e-06
5.84633e-06
5.84594e-06
5.84555e-06
5.84516e-06
5.84478e-06
5.84441e-06
5.84406e-06
5.84372e-06
5.8434e-06
5.84311e-06
5.84282e-06
5.84268e-06
5.84162e-06
5.84552e-06
5.84704e-06
5.84687e-06
5.8466e-06
5.84629e-06
5.84595e-06
5.84559e-06
5.84523e-06
5.84487e-06
5.84452e-06
5.84417e-06
5.84384e-06
5.84352e-06
5.84322e-06
5.84294e-06
5.84269e-06
5.84245e-06
5.84232e-06
5.84147e-06
5.84451e-06
5.84621e-06
5.84603e-06
5.84576e-06
5.84546e-06
5.84514e-06
5.84481e-06
5.84448e-06
5.84416e-06
5.84384e-06
5.84353e-06
5.84324e-06
5.84296e-06
5.84271e-06
5.84247e-06
5.84227e-06
5.84208e-06
5.84194e-06
5.84136e-06
5.84364e-06
5.84527e-06
5.8451e-06
5.84484e-06
5.84456e-06
5.84427e-06
5.84398e-06
5.84369e-06
5.84341e-06
5.84313e-06
5.84287e-06
5.84262e-06
5.8424e-06
5.84219e-06
5.84201e-06
5.84185e-06
5.84171e-06
5.84157e-06
5.84132e-06
5.84272e-06
5.84423e-06
5.84407e-06
5.84385e-06
5.8436e-06
5.84335e-06
5.8431e-06
5.84286e-06
5.84263e-06
5.84241e-06
5.8422e-06
5.84201e-06
5.84184e-06
5.84169e-06
5.84157e-06
5.84145e-06
5.84137e-06
5.84119e-06
5.84133e-06
5.84144e-06
5.84309e-06
5.84296e-06
5.84277e-06
5.84258e-06
5.84238e-06
5.84219e-06
5.84201e-06
5.84184e-06
5.84169e-06
5.84155e-06
5.84143e-06
5.84133e-06
5.84124e-06
5.84116e-06
5.84109e-06
5.84106e-06
5.84086e-06
5.84137e-06
5.83971e-06
5.84187e-06
5.84177e-06
5.84164e-06
5.84152e-06
5.84141e-06
5.8413e-06
5.84121e-06
5.84113e-06
5.84105e-06
5.84099e-06
5.84094e-06
5.8409e-06
5.84086e-06
5.84083e-06
5.8408e-06
5.8408e-06
5.8406e-06
5.84136e-06
5.83828e-06
5.84066e-06
5.84066e-06
5.84065e-06
5.84065e-06
5.84064e-06
5.84063e-06
5.84063e-06
5.84063e-06
5.84062e-06
5.84062e-06
5.84062e-06
5.84062e-06
5.84062e-06
5.84062e-06
5.84062e-06
5.84064e-06
5.84048e-06
5.84127e-06
5.83783e-06
5.84066e-06
5.84066e-06
5.84065e-06
5.84065e-06
5.84064e-06
5.84063e-06
5.84063e-06
5.84063e-06
5.84062e-06
5.84062e-06
5.84062e-06
5.84062e-06
5.84062e-06
5.84062e-06
5.84062e-06
5.84064e-06
5.84048e-06
5.84127e-06
5.83783e-06
5.84187e-06
5.84177e-06
5.84164e-06
5.84152e-06
5.84141e-06
5.8413e-06
5.84121e-06
5.84113e-06
5.84105e-06
5.84099e-06
5.84094e-06
5.8409e-06
5.84086e-06
5.84083e-06
5.8408e-06
5.8408e-06
5.8406e-06
5.84136e-06
5.83828e-06
5.84309e-06
5.84296e-06
5.84277e-06
5.84258e-06
5.84238e-06
5.84219e-06
5.84201e-06
5.84184e-06
5.84169e-06
5.84155e-06
5.84143e-06
5.84133e-06
5.84124e-06
5.84116e-06
5.84109e-06
5.84106e-06
5.84086e-06
5.84137e-06
5.83971e-06
5.84423e-06
5.84407e-06
5.84385e-06
5.8436e-06
5.84335e-06
5.8431e-06
5.84286e-06
5.84263e-06
5.84241e-06
5.8422e-06
5.84201e-06
5.84184e-06
5.84169e-06
5.84157e-06
5.84145e-06
5.84137e-06
5.84119e-06
5.84133e-06
5.84144e-06
5.84527e-06
5.8451e-06
5.84484e-06
5.84456e-06
5.84427e-06
5.84398e-06
5.84369e-06
5.84341e-06
5.84313e-06
5.84287e-06
5.84262e-06
5.8424e-06
5.84219e-06
5.84201e-06
5.84185e-06
5.84171e-06
5.84156e-06
5.84132e-06
5.84272e-06
5.84621e-06
5.84603e-06
5.84576e-06
5.84546e-06
5.84514e-06
5.84481e-06
5.84448e-06
5.84416e-06
5.84384e-06
5.84353e-06
5.84324e-06
5.84296e-06
5.84271e-06
5.84247e-06
5.84227e-06
5.84207e-06
5.84194e-06
5.84136e-06
5.84364e-06
5.84704e-06
5.84687e-06
5.8466e-06
5.84629e-06
5.84595e-06
5.84559e-06
5.84523e-06
5.84487e-06
5.84452e-06
5.84417e-06
5.84384e-06
5.84352e-06
5.84322e-06
5.84294e-06
5.84269e-06
5.84245e-06
5.84232e-06
5.84147e-06
5.84451e-06
5.84777e-06
5.84762e-06
5.84737e-06
5.84705e-06
5.8467e-06
5.84633e-06
5.84594e-06
5.84555e-06
5.84516e-06
5.84478e-06
5.84441e-06
5.84406e-06
5.84372e-06
5.8434e-06
5.84311e-06
5.84282e-06
5.84268e-06
5.84162e-06
5.84552e-06
5.8484e-06
5.84828e-06
5.84805e-06
5.84775e-06
5.84741e-06
5.84702e-06
5.84662e-06
5.8462e-06
5.84578e-06
5.84537e-06
5.84497e-06
5.84458e-06
5.8442e-06
5.84385e-06
5.84352e-06
5.84318e-06
5.84303e-06
5.84178e-06
5.84674e-06
5.84892e-06
5.84883e-06
5.84865e-06
5.84839e-06
5.84806e-06
5.84767e-06
5.84725e-06
5.84682e-06
5.84637e-06
5.84593e-06
5.8455e-06
5.84507e-06
5.84467e-06
5.84428e-06
5.84391e-06
5.84354e-06
5.84336e-06
5.84191e-06
5.84819e-06
5.84955e-06
5.84938e-06
5.84919e-06
5.84895e-06
5.84865e-06
5.84828e-06
5.84786e-06
5.84741e-06
5.84694e-06
5.84647e-06
5.84601e-06
5.84555e-06
5.84512e-06
5.8447e-06
5.84429e-06
5.84389e-06
5.84368e-06
5.84201e-06
5.84985e-06
5.85035e-06
5.85003e-06
5.84974e-06
5.84947e-06
5.84918e-06
5.84883e-06
5.84842e-06
5.84796e-06
5.84748e-06
5.84699e-06
5.84649e-06
5.84601e-06
5.84554e-06
5.84509e-06
5.84465e-06
5.84421e-06
5.84398e-06
5.84207e-06
5.85171e-06
5.8512e-06
5.85078e-06
5.85037e-06
5.85002e-06
5.8497e-06
5.84935e-06
5.84896e-06
5.84851e-06
5.84802e-06
5.84751e-06
5.84699e-06
5.84647e-06
5.84597e-06
5.84549e-06
5.84502e-06
5.84456e-06
5.84429e-06
5.84211e-06
5.85377e-06
5.85203e-06
5.85157e-06
5.85104e-06
5.85056e-06
5.85015e-06
5.84977e-06
5.84938e-06
5.84894e-06
5.84845e-06
5.84792e-06
5.84738e-06
5.84683e-06
5.8463e-06
5.84579e-06
5.84527e-06
5.84479e-06
5.8445e-06
5.84205e-06
5.85593e-06
5.85284e-06
5.85245e-06
5.85194e-06
5.8514e-06
5.85089e-06
5.85044e-06
5.85e-06
5.84956e-06
5.84906e-06
5.84853e-06
5.84796e-06
5.84739e-06
5.84683e-06
5.84629e-06
5.84573e-06
5.84523e-06
5.84487e-06
5.84203e-06
5.85839e-06
5.85339e-06
5.85286e-06
5.8522e-06
5.85159e-06
5.85106e-06
5.8506e-06
5.85018e-06
5.84978e-06
5.84933e-06
5.84883e-06
5.84829e-06
5.84771e-06
5.84713e-06
5.84657e-06
5.84601e-06
5.84542e-06
5.84519e-06
5.84207e-06
5.86062e-06
5.85457e-06
5.85449e-06
5.85403e-06
5.85343e-06
5.85287e-06
5.8524e-06
5.85203e-06
5.85169e-06
5.85136e-06
5.85098e-06
5.85054e-06
5.85004e-06
5.84952e-06
5.8489e-06
5.84834e-06
5.84742e-06
5.84725e-06
5.84272e-06
5.86332e-06
5.64294e-06
9.46179e-06
5.66736e-06
8.98446e-06
5.69249e-06
8.54358e-06
5.71676e-06
8.13843e-06
5.7391e-06
7.76846e-06
5.7594e-06
7.43318e-06
5.77753e-06
7.13216e-06
5.79335e-06
6.86494e-06
5.80674e-06
6.63112e-06
5.81757e-06
6.43074e-06
5.82575e-06
6.26424e-06
5.83141e-06
6.13188e-06
5.8353e-06
6.03815e-06
5.83987e-06
5.98682e-06
5.84933e-06
5.95073e-06
5.85536e-06
5.84555e-06
5.85938e-06
5.76079e-06
5.85938e-06
5.7608e-06
5.85536e-06
5.84557e-06
5.84933e-06
5.95075e-06
5.83987e-06
5.98683e-06
5.8353e-06
6.03816e-06
5.83141e-06
6.13189e-06
5.82575e-06
6.26426e-06
5.81757e-06
6.43076e-06
5.80675e-06
6.63114e-06
5.79335e-06
6.86495e-06
5.77753e-06
7.13218e-06
5.7594e-06
7.4332e-06
5.7391e-06
7.76848e-06
5.71676e-06
8.13846e-06
5.69249e-06
8.54361e-06
5.66736e-06
8.98449e-06
5.64294e-06
9.46183e-06
0.00164701
0.00856585
0.00191662
0.0100963
0.00222853
0.0117474
0.00257664
0.0135207
0.00295074
0.0153815
0.00334031
0.0172664
0.00373646
0.0190915
0.00413459
0.0208054
0.00451893
0.0223841
0.00487644
0.023802
0.00520124
0.0250344
0.00548496
0.0260724
0.00572279
0.0269135
0.00590747
0.027556
0.00602826
0.0280025
0.00607207
0.0282719
0.00606963
0.0283876
0.00606965
0.0283875
0.00607206
0.0282718
0.00602818
0.0280023
0.00590732
0.0275556
0.00572259
0.0269129
0.00548472
0.0260718
0.00520096
0.0250336
0.00487614
0.023801
0.00451861
0.022383
0.00413425
0.0208042
0.00373613
0.0190902
0.00333999
0.017265
0.00295043
0.0153801
0.00257635
0.0135193
0.00222827
0.0117461
0.00191639
0.0100952
0.00164682
0.00856492
0.0180892
0.0183736
0.00692592
0.00059914
6.18869e-05
0
0
1.08007e-06
2.289e-06
5.47457e-06
6.31263e-06
6.08277e-06
5.84759e-06
5.80281e-06
5.83761e-06
5.8643e-06
5.86908e-06
5.8688e-06
5.86822e-06
0.0219585
0.0286127
0.0203569
0.00649354
9.85707e-05
2.51983e-05
0
0
3.94833e-07
1.24281e-06
3.79724e-06
6.06028e-06
6.40708e-06
6.05477e-06
5.81992e-06
5.79704e-06
5.84453e-06
5.8751e-06
5.87784e-06
0.0254153
0.0376524
0.037905
0.0230555
0.00682241
0.000102846
5.28779e-05
0
0
0
7.74758e-07
1.61779e-06
4.93214e-06
6.38827e-06
6.31751e-06
5.93534e-06
5.76657e-06
5.78951e-06
5.85398e-06
0.0288242
0.0455703
0.0531969
0.0464087
0.0271718
0.00913579
0.000265724
0.000203939
0
0
0
2.68862e-07
1.10183e-06
3.33119e-06
5.85705e-06
6.61341e-06
6.28628e-06
5.88532e-06
5.75765e-06
0.0323113
0.0524803
0.0657586
0.0678896
0.0561686
0.034286
0.0130083
0.00110148
0.000740975
0
0
0
0
5.74799e-07
3.62054e-07
3.95225e-06
6.15384e-06
6.66463e-06
6.25423e-06
0.0358554
0.058342
0.0763227
0.0852132
0.0831004
0.0686538
0.0447668
0.020022
0.00398088
0.00215987
0.000114677
0
0
0
5.81063e-08
7.25381e-07
1.02287e-06
4.17808e-06
6.20449e-06
0.0391418
0.0630433
0.0851347
0.0992781
0.104613
0.0999726
0.0842601
0.0592616
0.0313363
0.0113123
0.000721406
0.000963901
9.28782e-05
0
0
0
1.61286e-07
7.72997e-07
1.23957e-06
0.0420556
0.0666471
0.0922178
0.110708
0.121657
0.124697
0.118838
0.10307
0.0779543
0.0487381
0.0228082
0.00573424
0.000595738
0.000703578
3.74008e-05
0
0
0
1.92264e-07
0.0446137
0.0695738
0.0974975
0.119729
0.135162
0.143925
0.14569
0.139645
0.124726
0.101077
0.0717955
0.041725
0.0187077
0.00420983
0.000244206
0.000682562
7.01836e-05
2.89265e-06
0
0.0468225
0.0721082
0.100904
0.126395
0.145557
0.158779
0.166168
0.167454
0.161945
0.148749
0.127703
0.0998923
0.0689091
0.0398562
0.0182099
0.00435811
0.000465677
1.92429e-05
0.000274752
0.048639
0.0739755
0.102508
0.130686
0.153025
0.169843
0.18152
0.188152
0.189519
0.185084
0.174187
0.156354
0.131918
0.10264
0.0719531
0.0437093
0.022275
0.0076498
0.00183615
0.0500739
0.0752245
0.102979
0.132582
0.157637
0.177412
0.19244
0.203054
0.209349
0.21116
0.208102
0.199688
0.185516
0.165514
0.140541
0.112183
0.0828985
0.0560331
0.0314932
0.0511682
0.0760482
0.103082
0.132169
0.159405
0.18166
0.199335
0.212944
0.222801
0.228993
0.231376
0.229695
0.223728
0.213234
0.198221
0.178901
0.15594
0.131044
0.100182
0.0519556
0.0765132
0.102723
0.130288
0.158375
0.182699
0.202494
0.218346
0.230758
0.240016
0.246093
0.248831
0.248289
0.244483
0.237439
0.227151
0.213703
0.197547
0.174897
0.052475
0.0767263
0.102235
0.128538
0.155052
0.180685
0.202178
0.2197
0.233897
0.2453
0.253893
0.259353
0.262014
0.262176
0.260062
0.255756
0.249317
0.240778
0.228262
0.0527694
0.0767781
0.101773
0.127182
0.152349
0.176479
0.198843
0.21752
0.232838
0.245789
0.256367
0.263394
0.267628
0.269692
0.26998
0.268683
0.265953
0.261818
0.255808
0.0528868
0.0767554
0.101468
0.126404
0.150877
0.174092
0.19517
0.213121
0.228486
0.242436
0.255481
0.263456
0.268286
0.270938
0.27192
0.271541
0.270013
0.267429
0.263886
0.0528868
0.0767555
0.101468
0.126405
0.150879
0.174095
0.195174
0.213125
0.228492
0.242444
0.255495
0.26347
0.268302
0.270957
0.271942
0.271566
0.27004
0.267459
0.26392
0.0527694
0.0767784
0.101774
0.127184
0.152354
0.176487
0.198855
0.217533
0.232855
0.24581
0.256394
0.263427
0.267667
0.269738
0.270034
0.268745
0.266023
0.261897
0.2559
0.0524749
0.0767268
0.102237
0.128542
0.155059
0.180696
0.202193
0.219719
0.233921
0.24533
0.253932
0.2594
0.262071
0.262243
0.260141
0.255848
0.249424
0.240901
0.228417
0.0519554
0.0765138
0.102726
0.130293
0.158384
0.182712
0.202512
0.218369
0.230788
0.240054
0.24614
0.248889
0.24836
0.244569
0.237546
0.227281
0.213874
0.197756
0.175175
0.0511678
0.0760486
0.103084
0.132174
0.159415
0.181674
0.199355
0.21297
0.222835
0.229037
0.231431
0.229765
0.22382
0.213352
0.198378
0.179099
0.15617
0.131336
0.100597
0.0500733
0.0752246
0.102981
0.132588
0.157647
0.177427
0.192461
0.203083
0.209387
0.211209
0.208168
0.199779
0.185648
0.165691
0.140754
0.112403
0.0830999
0.0564357
0.031096
0.0486381
0.0739753
0.10251
0.130692
0.153035
0.169858
0.181542
0.188182
0.18956
0.185146
0.174276
0.156496
0.132102
0.102843
0.0722209
0.0438629
0.0223604
0.00833756
0.00546725
0.0468214
0.0721075
0.100905
0.1264
0.145567
0.158795
0.16619
0.167487
0.161998
0.148855
0.127853
0.100082
0.0691568
0.0400114
0.0180225
0.00421791
0.000416649
0.00128348
0
0.0446122
0.0695723
0.0974983
0.119734
0.135172
0.143942
0.145715
0.139687
0.12482
0.101213
0.0719513
0.0418907
0.0185001
0.00426126
0.00314713
0.000637464
6.27945e-05
0
0
0.0420538
0.0666448
0.0922182
0.110713
0.121668
0.124713
0.118866
0.103138
0.0780553
0.0488471
0.0229081
0.0059569
0.00341639
0.000654763
0
0
0
0
2.30025e-07
0.0391396
0.0630406
0.0851347
0.0992821
0.104623
0.100019
0.0843289
0.0593437
0.0314146
0.0113683
0.000750693
0.00100145
0
0
0
0
1.52509e-07
7.95096e-07
1.48303e-06
0.0358531
0.0583391
0.0763221
0.0852169
0.0831205
0.0687178
0.0448354
0.0200722
0.00401286
0.00217165
0.000119333
0
0
0
0
6.98668e-07
9.67211e-07
4.17387e-06
6.2173e-06
0.0323086
0.0524773
0.0657576
0.0678944
0.0561978
0.0342878
0.0130227
0.00110162
0.000746178
0
0
0
0
5.49186e-07
1.301e-06
3.81692e-06
6.18414e-06
6.66247e-06
6.25627e-06
0.0288211
0.0455673
0.0531956
0.046423
0.0272103
0.00933023
0.000294467
0.000206356
0
0
0
2.64445e-07
1.10874e-06
3.36973e-06
5.92697e-06
6.6195e-06
6.29242e-06
5.88634e-06
5.75814e-06
0.0254122
0.0376494
0.0379038
0.0230513
0.00677925
0.000703087
0.000105956
0
0
0
7.70905e-07
1.59122e-06
4.95393e-06
6.38994e-06
6.32366e-06
5.93716e-06
5.76758e-06
5.78987e-06
5.85415e-06
0.0219558
0.0286097
0.020354
0.00649159
9.81465e-05
0.000127634
0
0
4.286e-07
1.24761e-06
3.78739e-06
6.0678e-06
6.40365e-06
6.05385e-06
5.81949e-06
5.7968e-06
5.84444e-06
5.87505e-06
5.87782e-06
0.0180869
0.0183707
0.00692419
0.000598866
6.17928e-05
0
0
1.09535e-06
2.48475e-06
5.50711e-06
6.31047e-06
6.08289e-06
5.84619e-06
5.80209e-06
5.83731e-06
5.86418e-06
5.86905e-06
5.8688e-06
5.86821e-06
5.86914e-06
5.87424e-06
5.87827e-06
5.88422e-06
5.88698e-06
5.89152e-06
5.8977e-06
5.90327e-06
5.90581e-06
5.90698e-06
5.91987e-06
5.8894e-06
5.68374e-06
5.26814e-06
4.48206e-06
3.35991e-06
1.04158e-06
6.06175e-07
3.44248e-07
3.03102e-07
6.33841e-07
2.40848e-06
6.78797e-06
6.025e-06
2.71115e-05
6.16666e-05
0.000119912
0.000233888
0.000444496
0.000940794
0.00190906
0.00451021
0.00930449
0.0138314
5.84432e-06
5.84564e-06
5.84682e-06
5.84807e-06
5.85094e-06
5.85476e-06
5.85744e-06
5.85914e-06
5.85999e-06
5.86229e-06
5.86363e-06
5.89251e-06
5.91668e-06
5.92617e-06
5.88364e-06
5.75977e-06
5.40164e-06
4.75105e-06
3.6922e-06
2.69313e-06
7.86222e-07
5.10666e-07
2.65028e-07
6.39896e-07
2.43124e-06
5.83807e-06
2.46491e-06
1.78407e-05
5.66683e-05
0.000151036
0.000374481
0.00113625
0.00321697
0.00859635
5.8484e-06
5.84915e-06
5.85011e-06
5.85123e-06
5.85269e-06
5.85369e-06
5.85461e-06
5.85701e-06
5.86056e-06
5.86346e-06
5.86541e-06
5.86742e-06
5.87174e-06
5.88078e-06
5.89926e-06
5.92602e-06
5.97591e-06
5.99379e-06
5.88788e-06
5.656e-06
5.11966e-06
4.20355e-06
2.90613e-06
1.01261e-06
5.2031e-07
2.41724e-07
2.58835e-07
1.52548e-06
4.73967e-06
1.23434e-05
3.49957e-05
2.96979e-05
0.000300521
0.0013415
5.84959e-06
5.85074e-06
5.85141e-06
5.85194e-06
5.85248e-06
5.85316e-06
5.8538e-06
5.85531e-06
5.85589e-06
5.85647e-06
5.85785e-06
5.85865e-06
5.85921e-06
5.86003e-06
5.86268e-06
5.8687e-06
5.88548e-06
5.91997e-06
5.97468e-06
6.02995e-06
6.08399e-06
6.01764e-06
5.74964e-06
5.11223e-06
4.02444e-06
2.75237e-06
5.06651e-07
3.93704e-07
1.2812e-07
0
0
2.32606e-06
2.29229e-05
0.000206819
5.85024e-06
5.8508e-06
5.85114e-06
5.85151e-06
5.85192e-06
5.85241e-06
5.85291e-06
5.85368e-06
5.85391e-06
5.85476e-06
5.85566e-06
5.85616e-06
5.85636e-06
5.85641e-06
5.85637e-06
5.85628e-06
5.85637e-06
5.85851e-06
5.86908e-06
5.89195e-06
5.93904e-06
6.01071e-06
6.08713e-06
6.14491e-06
6.0202e-06
5.67633e-06
4.84199e-06
3.65801e-06
1.5393e-06
6.06838e-07
2.01623e-07
0
0
0
5.85102e-06
5.85194e-06
5.85231e-06
5.85249e-06
5.85263e-06
5.85277e-06
5.85293e-06
5.8531e-06
5.85319e-06
5.85323e-06
5.85332e-06
5.85353e-06
5.85383e-06
5.85418e-06
5.85454e-06
5.85481e-06
5.85481e-06
5.8542e-06
5.85314e-06
5.85289e-06
5.85607e-06
5.87043e-06
5.90324e-06
5.96947e-06
6.05984e-06
6.14253e-06
6.1646e-06
5.98958e-06
5.3744e-06
4.29342e-06
2.51958e-06
8.08438e-07
2.04236e-07
0
5.85151e-06
5.85227e-06
5.85248e-06
5.85262e-06
5.85275e-06
5.8529e-06
5.85307e-06
5.85324e-06
5.8534e-06
5.85352e-06
5.8536e-06
5.85365e-06
5.85368e-06
5.85371e-06
5.85376e-06
5.85384e-06
5.85395e-06
5.85401e-06
5.85377e-06
5.853e-06
5.85128e-06
5.84903e-06
5.84833e-06
5.85404e-06
5.87766e-06
5.92596e-06
6.01148e-06
6.115e-06
6.19893e-06
6.13271e-06
5.70981e-06
4.87119e-06
2.66414e-06
8.4576e-07
5.85201e-06
5.8528e-06
5.85306e-06
5.85313e-06
5.85316e-06
5.85318e-06
5.85319e-06
5.8532e-06
5.85322e-06
5.85327e-06
5.85335e-06
5.85346e-06
5.85358e-06
5.85371e-06
5.85383e-06
5.85396e-06
5.85408e-06
5.8542e-06
5.85433e-06
5.85439e-06
5.85422e-06
5.85344e-06
5.85168e-06
5.84847e-06
5.84531e-06
5.84568e-06
5.85782e-06
5.89143e-06
5.9622e-06
6.06875e-06
6.16534e-06
6.22322e-06
5.86209e-06
5.14252e-06
5.85239e-06
5.85311e-06
5.85329e-06
5.85338e-06
5.85346e-06
5.85354e-06
5.85363e-06
5.85371e-06
5.85378e-06
5.85384e-06
5.85389e-06
5.85393e-06
5.85397e-06
5.85402e-06
5.85407e-06
5.85412e-06
5.85419e-06
5.85426e-06
5.85435e-06
5.85446e-06
5.85459e-06
5.85471e-06
5.85469e-06
5.85419e-06
5.85263e-06
5.84961e-06
5.84533e-06
5.84207e-06
5.84503e-06
5.86854e-06
5.91029e-06
6.04533e-06
5.96131e-06
6.9812e-06
5.85272e-06
5.85339e-06
5.85356e-06
5.85363e-06
5.8537e-06
5.85376e-06
5.85382e-06
5.85388e-06
5.85394e-06
5.85401e-06
5.85409e-06
5.85417e-06
5.85425e-06
5.85433e-06
5.85442e-06
5.8545e-06
5.85457e-06
5.85465e-06
5.85472e-06
5.85479e-06
5.85487e-06
5.85496e-06
5.85509e-06
5.85526e-06
5.85535e-06
5.85513e-06
5.85405e-06
5.85171e-06
5.84699e-06
5.84374e-06
5.83494e-06
5.87145e-06
5.80598e-06
6.20783e-06
5.85297e-06
5.85356e-06
5.85371e-06
5.8538e-06
5.85389e-06
5.85398e-06
5.85407e-06
5.85416e-06
5.85424e-06
5.85432e-06
5.8544e-06
5.85448e-06
5.85455e-06
5.85463e-06
5.85471e-06
5.85479e-06
5.85487e-06
5.85495e-06
5.85503e-06
5.8551e-06
5.85518e-06
5.85525e-06
5.85532e-06
5.85542e-06
5.85555e-06
5.85574e-06
5.85592e-06
5.85599e-06
5.85537e-06
5.85399e-06
5.85007e-06
5.84438e-06
5.85401e-06
5.75595e-06
5.85318e-06
5.85369e-06
5.85384e-06
5.85395e-06
5.85405e-06
5.85416e-06
5.85426e-06
5.85436e-06
5.85446e-06
5.85456e-06
5.85466e-06
5.85476e-06
5.85486e-06
5.85496e-06
5.85506e-06
5.85515e-06
5.85525e-06
5.85534e-06
5.85543e-06
5.85552e-06
5.8556e-06
5.85568e-06
5.85575e-06
5.85583e-06
5.8559e-06
5.85598e-06
5.8561e-06
5.85626e-06
5.85655e-06
5.85645e-06
5.85771e-06
5.85114e-06
5.87212e-06
5.78199e-06
5.85338e-06
5.85381e-06
5.85397e-06
5.85411e-06
5.85424e-06
5.85438e-06
5.85451e-06
5.85464e-06
5.85477e-06
5.85489e-06
5.85501e-06
5.85513e-06
5.85524e-06
5.85535e-06
5.85547e-06
5.85558e-06
5.85569e-06
5.85579e-06
5.8559e-06
5.856e-06
5.8561e-06
5.85619e-06
5.85628e-06
5.85636e-06
5.85644e-06
5.85651e-06
5.85659e-06
5.85665e-06
5.85678e-06
5.85681e-06
5.85739e-06
5.85653e-06
5.85963e-06
5.85621e-06
5.85365e-06
5.854e-06
5.85417e-06
5.85433e-06
5.85449e-06
5.85466e-06
5.85482e-06
5.85497e-06
5.85513e-06
5.85527e-06
5.85542e-06
5.85556e-06
5.8557e-06
5.85584e-06
5.85598e-06
5.85611e-06
5.85625e-06
5.85638e-06
5.8565e-06
5.85663e-06
5.85675e-06
5.85686e-06
5.85698e-06
5.85708e-06
5.85718e-06
5.85728e-06
5.85737e-06
5.85746e-06
5.85752e-06
5.85765e-06
5.8575e-06
5.85864e-06
5.85459e-06
5.87348e-06
5.85401e-06
5.85429e-06
5.85447e-06
5.85466e-06
5.85486e-06
5.85505e-06
5.85524e-06
5.85543e-06
5.85561e-06
5.85578e-06
5.85595e-06
5.85611e-06
5.85627e-06
5.85643e-06
5.85659e-06
5.85674e-06
5.85689e-06
5.85703e-06
5.85718e-06
5.85732e-06
5.85745e-06
5.85759e-06
5.85772e-06
5.85785e-06
5.85797e-06
5.85809e-06
5.85821e-06
5.85833e-06
5.85842e-06
5.85858e-06
5.85847e-06
5.85928e-06
5.85694e-06
5.86635e-06
5.85446e-06
5.85473e-06
5.85495e-06
5.8552e-06
5.85545e-06
5.8557e-06
5.85594e-06
5.85617e-06
5.8564e-06
5.85661e-06
5.85682e-06
5.85702e-06
5.85721e-06
5.8574e-06
5.85758e-06
5.85775e-06
5.85792e-06
5.85809e-06
5.85825e-06
5.8584e-06
5.85856e-06
5.8587e-06
5.85885e-06
5.85899e-06
5.85913e-06
5.85926e-06
5.85939e-06
5.85951e-06
5.85963e-06
5.85977e-06
5.85982e-06
5.8601e-06
5.85986e-06
5.86069e-06
5.85486e-06
5.85518e-06
5.85552e-06
5.8559e-06
5.85628e-06
5.85667e-06
5.85705e-06
5.85741e-06
5.85777e-06
5.85811e-06
5.85843e-06
5.85873e-06
5.85902e-06
5.85929e-06
5.85954e-06
5.85978e-06
5.86e-06
5.86021e-06
5.8604e-06
5.86058e-06
5.86075e-06
5.86091e-06
5.86106e-06
5.8612e-06
5.86133e-06
5.86146e-06
5.86158e-06
5.8617e-06
5.8618e-06
5.86192e-06
5.86198e-06
5.86213e-06
5.86219e-06
5.86144e-06
5.85501e-06
5.85539e-06
5.85586e-06
5.85637e-06
5.85689e-06
5.85742e-06
5.85794e-06
5.85846e-06
5.85897e-06
5.85948e-06
5.85998e-06
5.86048e-06
5.86097e-06
5.86146e-06
5.86193e-06
5.8624e-06
5.86285e-06
5.8633e-06
5.86372e-06
5.86414e-06
5.86453e-06
5.86491e-06
5.86527e-06
5.86561e-06
5.86594e-06
5.86624e-06
5.86653e-06
5.8668e-06
5.86705e-06
5.8673e-06
5.86747e-06
5.86781e-06
5.86761e-06
5.86856e-06
5.85505e-06
5.85533e-06
5.85565e-06
5.856e-06
5.85635e-06
5.85671e-06
5.85707e-06
5.85742e-06
5.85778e-06
5.85813e-06
5.85848e-06
5.85884e-06
5.8592e-06
5.85956e-06
5.85994e-06
5.86032e-06
5.86072e-06
5.86113e-06
5.86155e-06
5.86198e-06
5.86243e-06
5.86289e-06
5.86336e-06
5.86384e-06
5.86432e-06
5.86481e-06
5.8653e-06
5.86578e-06
5.86625e-06
5.86673e-06
5.86714e-06
5.86771e-06
5.86771e-06
5.86913e-06
9.97731e-06
1.05389e-05
1.11486e-05
1.18065e-05
1.25144e-05
1.32777e-05
1.41001e-05
1.50085e-05
1.59319e-05
1.72333e-05
1.98862e-05
2.41732e-05
3.03263e-05
3.86483e-05
4.95461e-05
6.33977e-05
8.09329e-05
0.000102624
0.000130145
0.00016539
0.000213699
0.000271354
0.000338097
0.000395182
0.000431956
0.000723205
0.00103551
0.00137675
0.0014648
0.00155052
0.00131661
0.00113942
0.00129014
0.00142899
5.62188e-06
5.60454e-06
5.59082e-06
5.57608e-06
5.55948e-06
5.54111e-06
5.52931e-06
5.50119e-06
5.56725e-06
5.28064e-06
4.36297e-06
3.04493e-07
3.14902e-06
3.77717e-06
4.6425e-06
5.72933e-06
7.02313e-06
8.78681e-06
1.12465e-05
6.17643e-07
6.52203e-06
2.80338e-05
6.79597e-05
0.00012911
0.000200444
0.000314151
0.000493315
0.000795985
0.00129637
0.00253988
0.00392647
0.00527608
0.00658469
0.0072665
9.97727e-06
1.05389e-05
1.11486e-05
1.18064e-05
1.25144e-05
1.32777e-05
1.41e-05
1.50085e-05
1.59318e-05
1.72332e-05
1.9886e-05
2.41728e-05
3.03258e-05
3.86477e-05
4.95453e-05
6.33966e-05
8.09314e-05
0.000102622
0.000130142
0.000165387
0.000213695
0.000271349
0.000338091
0.000395179
0.000431949
0.000723142
0.00103546
0.0013767
0.00146475
0.00155049
0.0013166
0.00113935
0.00129005
0.00142886
5.62188e-06
5.60454e-06
5.59082e-06
5.57608e-06
5.55948e-06
5.54111e-06
5.52931e-06
5.50119e-06
5.56724e-06
5.28069e-06
4.36307e-06
3.04747e-07
3.14902e-06
3.77712e-06
4.64243e-06
5.72924e-06
7.02302e-06
8.78665e-06
1.12462e-05
6.16923e-07
6.52054e-06
2.80312e-05
6.79556e-05
0.000129105
0.000200439
0.000314136
0.000493289
0.00079594
0.00129628
0.00253966
0.00392618
0.00527563
0.00658397
0.00726574
5.86914e-06
5.87423e-06
5.87826e-06
5.88422e-06
5.88697e-06
5.89152e-06
5.89769e-06
5.90326e-06
5.90581e-06
5.90698e-06
5.91986e-06
5.8894e-06
5.68376e-06
5.26817e-06
4.48212e-06
3.36e-06
1.04177e-06
6.0621e-07
3.44257e-07
3.03051e-07
6.33732e-07
2.40826e-06
6.78734e-06
6.02328e-06
2.71085e-05
6.16634e-05
0.000119905
0.000233872
0.000444462
0.000940705
0.0019088
0.00450943
0.00930307
0.0138297
5.84432e-06
5.84563e-06
5.84682e-06
5.84807e-06
5.85094e-06
5.85476e-06
5.85744e-06
5.85914e-06
5.85999e-06
5.86229e-06
5.86362e-06
5.89251e-06
5.91667e-06
5.92617e-06
5.88364e-06
5.75978e-06
5.40167e-06
4.75111e-06
3.6923e-06
2.69325e-06
7.86441e-07
5.10711e-07
2.65042e-07
6.39764e-07
2.43097e-06
5.8377e-06
2.46434e-06
1.78382e-05
5.66579e-05
0.000150964
0.000373414
0.00113598
0.00321616
0.00859436
5.8484e-06
5.84915e-06
5.85011e-06
5.85123e-06
5.85269e-06
5.85369e-06
5.85461e-06
5.85701e-06
5.86056e-06
5.86346e-06
5.86541e-06
5.86742e-06
5.87174e-06
5.88078e-06
5.89925e-06
5.92601e-06
5.9759e-06
5.99379e-06
5.88789e-06
5.65602e-06
5.11973e-06
4.20367e-06
2.90629e-06
1.01289e-06
5.20368e-07
2.4174e-07
2.58812e-07
1.52526e-06
4.7388e-06
1.34219e-05
6.36517e-06
3.65922e-05
0.000299842
0.00134149
5.84959e-06
5.85074e-06
5.8514e-06
5.85194e-06
5.85248e-06
5.85316e-06
5.8538e-06
5.8553e-06
5.85589e-06
5.85647e-06
5.85785e-06
5.85865e-06
5.85921e-06
5.86003e-06
5.86268e-06
5.86869e-06
5.88548e-06
5.91997e-06
5.97467e-06
6.02994e-06
6.08398e-06
6.01765e-06
5.74967e-06
5.11233e-06
4.02461e-06
2.75256e-06
5.06965e-07
3.93789e-07
1.28337e-07
0
5.1151e-07
2.86605e-06
2.28711e-05
0.000206769
5.85024e-06
5.8508e-06
5.85114e-06
5.85151e-06
5.85192e-06
5.85241e-06
5.85291e-06
5.85368e-06
5.85391e-06
5.85476e-06
5.85566e-06
5.85616e-06
5.85636e-06
5.85641e-06
5.85637e-06
5.85628e-06
5.85637e-06
5.85851e-06
5.86908e-06
5.89195e-06
5.93903e-06
6.01069e-06
6.08711e-06
6.1449e-06
6.02022e-06
5.67639e-06
4.84215e-06
3.65842e-06
1.54191e-06
6.06316e-07
1.96634e-07
0
0
0
5.85101e-06
5.85194e-06
5.85231e-06
5.85249e-06
5.85262e-06
5.85277e-06
5.85293e-06
5.8531e-06
5.85319e-06
5.85323e-06
5.85332e-06
5.85353e-06
5.85382e-06
5.85418e-06
5.85453e-06
5.85481e-06
5.85481e-06
5.85419e-06
5.85314e-06
5.85288e-06
5.85607e-06
5.87043e-06
5.90323e-06
5.96946e-06
6.05983e-06
6.14251e-06
6.16459e-06
5.98953e-06
5.3735e-06
4.2818e-06
2.45724e-06
7.97982e-07
2.0449e-07
0
5.85151e-06
5.85227e-06
5.85248e-06
5.85261e-06
5.85275e-06
5.8529e-06
5.85307e-06
5.85324e-06
5.85339e-06
5.85352e-06
5.8536e-06
5.85365e-06
5.85368e-06
5.85371e-06
5.85376e-06
5.85384e-06
5.85395e-06
5.85401e-06
5.85377e-06
5.853e-06
5.85128e-06
5.84903e-06
5.84833e-06
5.85404e-06
5.87765e-06
5.92595e-06
6.01146e-06
6.11496e-06
6.19876e-06
6.13139e-06
5.70535e-06
4.87192e-06
2.66745e-06
8.46491e-07
5.85201e-06
5.8528e-06
5.85306e-06
5.85313e-06
5.85316e-06
5.85318e-06
5.85319e-06
5.85319e-06
5.85322e-06
5.85327e-06
5.85335e-06
5.85346e-06
5.85358e-06
5.8537e-06
5.85383e-06
5.85395e-06
5.85407e-06
5.8542e-06
5.85432e-06
5.85439e-06
5.85422e-06
5.85344e-06
5.85168e-06
5.84847e-06
5.84531e-06
5.84568e-06
5.85781e-06
5.89141e-06
5.9621e-06
6.06821e-06
6.16353e-06
6.22241e-06
5.86186e-06
5.14466e-06
5.85239e-06
5.85311e-06
5.85329e-06
5.85338e-06
5.85346e-06
5.85354e-06
5.85363e-06
5.85371e-06
5.85378e-06
5.85384e-06
5.85389e-06
5.85393e-06
5.85397e-06
5.85402e-06
5.85406e-06
5.85412e-06
5.85419e-06
5.85426e-06
5.85435e-06
5.85446e-06
5.85459e-06
5.85471e-06
5.85469e-06
5.85419e-06
5.85263e-06
5.84961e-06
5.84533e-06
5.84207e-06
5.84501e-06
5.86845e-06
5.91001e-06
6.04496e-06
5.96131e-06
6.99661e-06
5.85272e-06
5.85339e-06
5.85356e-06
5.85363e-06
5.8537e-06
5.85376e-06
5.85382e-06
5.85388e-06
5.85394e-06
5.85401e-06
5.85408e-06
5.85416e-06
5.85425e-06
5.85433e-06
5.85441e-06
5.85449e-06
5.85457e-06
5.85465e-06
5.85472e-06
5.85479e-06
5.85486e-06
5.85496e-06
5.85509e-06
5.85525e-06
5.85535e-06
5.85513e-06
5.85405e-06
5.85171e-06
5.84698e-06
5.84372e-06
5.83488e-06
5.87136e-06
5.80648e-06
6.21345e-06
5.85297e-06
5.85356e-06
5.85371e-06
5.8538e-06
5.85389e-06
5.85398e-06
5.85407e-06
5.85416e-06
5.85424e-06
5.85432e-06
5.8544e-06
5.85447e-06
5.85455e-06
5.85463e-06
5.85471e-06
5.85478e-06
5.85486e-06
5.85494e-06
5.85502e-06
5.8551e-06
5.85517e-06
5.85524e-06
5.85532e-06
5.85541e-06
5.85555e-06
5.85573e-06
5.85591e-06
5.85598e-06
5.85537e-06
5.85399e-06
5.85005e-06
5.84433e-06
5.85382e-06
5.75493e-06
5.85318e-06
5.85369e-06
5.85384e-06
5.85395e-06
5.85405e-06
5.85416e-06
5.85426e-06
5.85436e-06
5.85446e-06
5.85456e-06
5.85466e-06
5.85476e-06
5.85486e-06
5.85496e-06
5.85506e-06
5.85515e-06
5.85525e-06
5.85534e-06
5.85543e-06
5.85552e-06
5.8556e-06
5.85568e-06
5.85575e-06
5.85582e-06
5.85589e-06
5.85598e-06
5.8561e-06
5.85626e-06
5.85655e-06
5.85644e-06
5.8577e-06
5.85112e-06
5.87197e-06
5.7815e-06
5.85338e-06
5.85381e-06
5.85397e-06
5.85411e-06
5.85424e-06
5.85438e-06
5.85451e-06
5.85464e-06
5.85476e-06
5.85489e-06
5.85501e-06
5.85512e-06
5.85524e-06
5.85535e-06
5.85547e-06
5.85558e-06
5.85569e-06
5.85579e-06
5.8559e-06
5.856e-06
5.8561e-06
5.85619e-06
5.85628e-06
5.85636e-06
5.85644e-06
5.85651e-06
5.85658e-06
5.85665e-06
5.85678e-06
5.85681e-06
5.85738e-06
5.85652e-06
5.85955e-06
5.85585e-06
5.85365e-06
5.854e-06
5.85417e-06
5.85433e-06
5.85449e-06
5.85466e-06
5.85482e-06
5.85497e-06
5.85513e-06
5.85527e-06
5.85542e-06
5.85556e-06
5.8557e-06
5.85584e-06
5.85598e-06
5.85611e-06
5.85625e-06
5.85638e-06
5.8565e-06
5.85663e-06
5.85675e-06
5.85686e-06
5.85697e-06
5.85708e-06
5.85718e-06
5.85728e-06
5.85737e-06
5.85745e-06
5.85752e-06
5.85765e-06
5.85749e-06
5.85864e-06
5.85455e-06
5.87328e-06
5.85401e-06
5.85429e-06
5.85447e-06
5.85466e-06
5.85486e-06
5.85505e-06
5.85524e-06
5.85543e-06
5.85561e-06
5.85578e-06
5.85595e-06
5.85611e-06
5.85627e-06
5.85643e-06
5.85659e-06
5.85674e-06
5.85689e-06
5.85703e-06
5.85718e-06
5.85732e-06
5.85745e-06
5.85759e-06
5.85772e-06
5.85784e-06
5.85797e-06
5.85809e-06
5.85821e-06
5.85832e-06
5.85842e-06
5.85857e-06
5.85847e-06
5.85928e-06
5.85692e-06
5.86626e-06
5.85446e-06
5.85473e-06
5.85495e-06
5.8552e-06
5.85545e-06
5.8557e-06
5.85594e-06
5.85617e-06
5.8564e-06
5.85661e-06
5.85682e-06
5.85702e-06
5.85721e-06
5.8574e-06
5.85758e-06
5.85775e-06
5.85792e-06
5.85808e-06
5.85824e-06
5.8584e-06
5.85855e-06
5.8587e-06
5.85885e-06
5.85899e-06
5.85912e-06
5.85926e-06
5.85938e-06
5.85951e-06
5.85963e-06
5.85977e-06
5.85982e-06
5.8601e-06
5.85985e-06
5.86065e-06
5.85486e-06
5.85518e-06
5.85552e-06
5.8559e-06
5.85628e-06
5.85667e-06
5.85705e-06
5.85741e-06
5.85777e-06
5.85811e-06
5.85843e-06
5.85873e-06
5.85902e-06
5.85929e-06
5.85954e-06
5.85978e-06
5.86e-06
5.86021e-06
5.8604e-06
5.86058e-06
5.86075e-06
5.86091e-06
5.86106e-06
5.8612e-06
5.86133e-06
5.86146e-06
5.86158e-06
5.8617e-06
5.8618e-06
5.86191e-06
5.86198e-06
5.86213e-06
5.86218e-06
5.86142e-06
5.85501e-06
5.85539e-06
5.85586e-06
5.85637e-06
5.85689e-06
5.85742e-06
5.85794e-06
5.85846e-06
5.85897e-06
5.85948e-06
5.85998e-06
5.86048e-06
5.86097e-06
5.86146e-06
5.86193e-06
5.8624e-06
5.86285e-06
5.8633e-06
5.86372e-06
5.86414e-06
5.86453e-06
5.86491e-06
5.86527e-06
5.86561e-06
5.86594e-06
5.86624e-06
5.86653e-06
5.8668e-06
5.86705e-06
5.86729e-06
5.86747e-06
5.86781e-06
5.86761e-06
5.86855e-06
5.85505e-06
5.85533e-06
5.85565e-06
5.856e-06
5.85635e-06
5.85671e-06
5.85707e-06
5.85742e-06
5.85778e-06
5.85813e-06
5.85848e-06
5.85884e-06
5.8592e-06
5.85956e-06
5.85994e-06
5.86032e-06
5.86072e-06
5.86113e-06
5.86155e-06
5.86198e-06
5.86243e-06
5.86289e-06
5.86336e-06
5.86384e-06
5.86432e-06
5.86481e-06
5.86529e-06
5.86578e-06
5.86625e-06
5.86672e-06
5.86713e-06
5.8677e-06
5.86771e-06
5.86913e-06
5.8696e-06
5.87084e-06
5.87173e-06
5.87257e-06
5.87346e-06
5.87441e-06
5.87543e-06
5.87652e-06
5.87765e-06
5.87883e-06
5.88003e-06
5.88126e-06
5.8825e-06
5.88374e-06
5.88503e-06
5.88616e-06
5.88699e-06
5.88771e-06
5.88843e-06
5.88919e-06
5.88999e-06
5.89084e-06
5.89172e-06
5.8927e-06
5.89352e-06
5.89523e-06
5.87946e-06
5.87986e-06
5.87952e-06
5.87898e-06
5.87844e-06
5.87797e-06
5.87761e-06
5.87735e-06
5.87719e-06
5.87711e-06
5.87709e-06
5.87714e-06
5.87724e-06
5.87737e-06
5.87752e-06
5.87784e-06
5.87819e-06
5.87844e-06
5.87868e-06
5.8789e-06
5.87914e-06
5.87938e-06
5.87962e-06
5.87988e-06
5.88014e-06
5.88037e-06
5.87145e-06
5.88117e-06
5.88653e-06
5.89011e-06
5.89267e-06
5.89454e-06
5.8959e-06
5.89691e-06
5.89767e-06
5.89825e-06
5.89869e-06
5.89907e-06
5.89933e-06
5.89965e-06
5.90006e-06
5.90042e-06
5.90066e-06
5.90086e-06
5.90105e-06
5.90123e-06
5.9014e-06
5.90157e-06
5.90171e-06
5.90192e-06
5.90213e-06
5.90296e-06
5.73111e-06
5.72854e-06
5.73547e-06
5.74479e-06
5.75426e-06
5.76309e-06
5.77102e-06
5.77799e-06
5.78407e-06
5.78935e-06
5.79398e-06
5.79798e-06
5.80159e-06
5.80474e-06
5.80756e-06
5.81009e-06
5.81236e-06
5.81446e-06
5.81628e-06
5.81782e-06
5.8181e-06
5.82358e-06
5.83369e-06
5.83962e-06
5.83828e-06
5.6999e-06
6.13679e-06
6.04399e-06
5.97656e-06
5.92453e-06
5.88429e-06
5.85339e-06
5.82975e-06
5.81159e-06
5.7976e-06
5.78687e-06
5.77836e-06
5.77138e-06
5.76583e-06
5.7613e-06
5.75739e-06
5.75726e-06
5.75779e-06
5.75525e-06
5.75471e-06
5.68762e-06
6.16278e-06
5.84687e-06
4.54191e-06
3.67222e-06
0.000147209
2.83427e-05
6.7181e-06
6.92798e-06
6.98334e-06
6.98356e-06
6.96315e-06
6.93357e-06
6.90254e-06
6.87773e-06
6.85938e-06
6.83967e-06
6.82422e-06
6.82579e-06
6.83651e-06
6.84174e-06
6.52305e-06
5.78896e-06
5.19054e-06
5.34675e-06
4.91332e-06
4.50223e-06
5.11285e-06
3.52505e-05
9.84293e-05
0.000503593
0.000754089
0.00374996
1.91659e-06
2.6846e-06
3.3336e-06
3.84552e-06
4.23335e-06
4.552e-06
4.82678e-06
4.98102e-06
4.93672e-06
4.95121e-06
4.96973e-06
4.6081e-06
3.91677e-06
4.35808e-05
3.56055e-05
0.000102188
0.000169812
0.000223725
0.000489034
0.00131956
0.00303174
0.00600865
0.0104823
0.0173331
0.0240914
0.0369342
3.66475e-07
5.13335e-07
6.3744e-07
7.35336e-07
8.09505e-07
1.09454e-05
1.66217e-06
1.28883e-05
0.000200156
0.000201782
0.000268667
0.000727656
2.36755e-05
0.000208968
0.000881576
0.00251473
0.0056527
0.010752
0.0186294
0.0280003
0.0378735
0.0474205
0.0560578
0.0636785
0.0696185
0.0780027
0
0
1.05222e-05
4.42151e-05
8.90609e-05
5.27128e-05
3.86733e-06
6.24467e-05
0.00104224
0.00105072
0.0014006
0.0037949
0.00835702
0.0161268
0.0267263
0.0385186
0.0501592
0.0607279
0.0698032
0.0774545
0.0839959
0.0897649
0.0949739
0.0998259
0.103846
0.109815
0.000483007
0.000663348
5.50606e-05
0.000231366
0.000449793
0.00075126
0.00148543
0.00409506
0.00957572
0.0196961
0.0329172
0.0472106
0.0608362
0.0727054
0.0825609
0.0907327
0.097713
0.103881
0.109424
0.114412
0.118885
0.122898
0.126505
0.129832
0.132588
0.136658
0.00252777
0.00345454
0.00406296
0.00563856
0.0107378
0.0221849
0.03771
0.0544001
0.0701904
0.0837849
0.0948835
0.103964
0.111661
0.118383
0.124296
0.129477
0.13401
0.138002
0.141551
0.144733
0.147592
0.150167
0.152481
0.154602
0.156356
0.158902
0.0295232
0.036772
0.0494948
0.0647599
0.0803054
0.09469
0.107119
0.117524
0.1263
0.133785
0.140143
0.145504
0.150042
0.153939
0.157329
0.1603
0.162905
0.165194
0.167211
0.168999
0.170591
0.172012
0.173277
0.174426
0.175371
0.176704
0.100985
0.111097
0.122944
0.13395
0.143433
0.151408
0.157999
0.163368
0.167754
0.171395
0.174455
0.177027
0.179186
0.181004
0.182547
0.183868
0.185002
0.185976
0.186814
0.187534
0.188154
0.188689
0.189147
0.189547
0.189858
0.19027
0.17383
0.177804
0.182226
0.186116
0.189363
0.192033
0.194191
0.195887
0.19719
0.198189
0.198959
0.199551
0.199994
0.200316
0.200538
0.200683
0.200766
0.200798
0.200788
0.200741
0.200665
0.200565
0.200444
0.200307
0.200164
0.199919
0.224455
0.222361
0.220995
0.219909
0.218997
0.2182
0.21747
0.216764
0.216061
0.21536
0.214668
0.213993
0.213334
0.212692
0.212067
0.211459
0.210869
0.210297
0.209742
0.209204
0.208682
0.208175
0.207684
0.207203
0.206769
0.206105
0.250721
0.24549
0.241232
0.237649
0.234614
0.232023
0.229782
0.227811
0.22605
0.224456
0.222999
0.22166
0.220424
0.219276
0.218205
0.217201
0.216258
0.215369
0.214528
0.21373
0.212973
0.212252
0.211564
0.210902
0.210313
0.20943
0.258687
0.252735
0.247758
0.243505
0.239856
0.236717
0.233999
0.23162
0.229512
0.227624
0.225915
0.224357
0.222928
0.22161
0.220389
0.219251
0.218188
0.217191
0.216252
0.215366
0.214527
0.213732
0.212977
0.212251
0.211609
0.21065
0.258722
0.252767
0.247788
0.243532
0.23988
0.236739
0.234017
0.231634
0.229525
0.227634
0.225924
0.224365
0.222935
0.221617
0.220395
0.219257
0.218193
0.217195
0.216256
0.215369
0.21453
0.213735
0.21298
0.212254
0.211612
0.210653
0.250813
0.245577
0.241311
0.237721
0.234682
0.232083
0.229833
0.227854
0.226087
0.224487
0.223027
0.221686
0.220447
0.219297
0.218224
0.217219
0.216273
0.215382
0.21454
0.213742
0.212984
0.212262
0.211574
0.210911
0.210323
0.209439
0.224614
0.222508
0.221119
0.220021
0.219104
0.218299
0.217554
0.216834
0.216119
0.21541
0.214713
0.214033
0.213372
0.212728
0.2121
0.211488
0.210895
0.210321
0.209764
0.209224
0.208701
0.208193
0.207702
0.20722
0.206785
0.20612
0.174077
0.178012
0.182368
0.186245
0.189504
0.192173
0.194313
0.195984
0.197269
0.198255
0.199018
0.199605
0.200046
0.200365
0.200585
0.200725
0.200804
0.200832
0.200818
0.200769
0.200692
0.200591
0.20047
0.200332
0.200188
0.199942
0.101253
0.111329
0.123016
0.13404
0.143596
0.151598
0.158163
0.163492
0.167849
0.171473
0.174523
0.177092
0.179251
0.181068
0.182607
0.183922
0.18505
0.18602
0.186853
0.18757
0.188189
0.188723
0.18918
0.189579
0.18989
0.1903
0.0291083
0.0364041
0.0491263
0.0647155
0.0804911
0.0949537
0.107317
0.117651
0.126394
0.133861
0.14021
0.145574
0.15012
0.154018
0.157405
0.160367
0.162964
0.165245
0.167258
0.169043
0.170632
0.172052
0.173318
0.174466
0.17541
0.176742
0.000564365
0.00144666
0.0022439
0.00557122
0.010995
0.0223559
0.0376797
0.0543622
0.0702167
0.0838193
0.0949261
0.104035
0.111756
0.118483
0.124387
0.129555
0.134076
0.138058
0.141602
0.14478
0.147639
0.150214
0.152527
0.154649
0.156402
0.158946
0.000107839
0.000276432
0.000428779
0.00110643
0.00070384
0.000826622
0.00115942
0.004001
0.00960218
0.0196605
0.0329614
0.0473327
0.0609807
0.0728333
0.0826607
0.0908079
0.0977714
0.10393
0.10947
0.11446
0.118934
0.122948
0.126555
0.129883
0.132639
0.136708
0
0
1.1978e-07
2.03524e-06
0.000134629
0.000157976
0.00022256
8.41355e-06
0.00185007
0.000223379
0.00121182
0.00365479
0.00821233
0.0159683
0.0266135
0.0384587
0.0501411
0.0607388
0.0698348
0.0774979
0.084044
0.0898139
0.0950233
0.0998763
0.103899
0.109868
3.79217e-07
5.23507e-07
6.41823e-07
1.12643e-06
8.12679e-07
1.01744e-06
2.53154e-06
7.77001e-06
6.62317e-06
3.00604e-06
0.000232736
0.000700751
2.064e-05
0.000204978
0.000874096
0.00250748
0.00564517
0.0107364
0.0186227
0.0280014
0.0378834
0.0474405
0.0560882
0.0637187
0.0696674
0.0780575
1.98322e-06
2.7378e-06
3.35652e-06
3.85656e-06
4.24995e-06
4.54197e-06
4.6269e-06
4.80884e-06
4.9672e-06
4.88845e-06
4.84315e-06
4.90081e-06
6.30354e-06
1.30365e-05
1.35849e-05
2.84616e-05
9.83864e-05
0.000208317
0.000509941
0.00134045
0.00306287
0.0060525
0.010545
0.0174043
0.0241676
0.0370097
6.72566e-06
6.9351e-06
6.98877e-06
6.98796e-06
6.96644e-06
6.93825e-06
6.90834e-06
6.87886e-06
6.85604e-06
6.84083e-06
6.82476e-06
6.81094e-06
6.81461e-06
6.73942e-06
6.69547e-06
6.15825e-06
5.32891e-06
4.98009e-06
4.48599e-06
3.98536e-06
4.60163e-06
3.52606e-05
0.000100055
0.000508715
0.000762771
0.00377006
6.13719e-06
6.04448e-06
5.97677e-06
5.92459e-06
5.8842e-06
5.85314e-06
5.82942e-06
5.8113e-06
5.79733e-06
5.78652e-06
5.77811e-06
5.77141e-06
5.76591e-06
5.76144e-06
5.75879e-06
5.75956e-06
5.76098e-06
5.75534e-06
5.7758e-06
5.76926e-06
5.7037e-06
2.86391e-06
7.11768e-06
1.33907e-05
2.53644e-05
5.14401e-05
5.73129e-06
5.72862e-06
5.73549e-06
5.7448e-06
5.75427e-06
5.76312e-06
5.77106e-06
5.77804e-06
5.78413e-06
5.78942e-06
5.79404e-06
5.79804e-06
5.80164e-06
5.80479e-06
5.80759e-06
5.81011e-06
5.81241e-06
5.81448e-06
5.81619e-06
5.81837e-06
5.82055e-06
5.82059e-06
5.8141e-06
5.76464e-06
5.68423e-06
5.56642e-06
5.87156e-06
5.88125e-06
5.88658e-06
5.89014e-06
5.89269e-06
5.89456e-06
5.89592e-06
5.89693e-06
5.89769e-06
5.89827e-06
5.89872e-06
5.89909e-06
5.89936e-06
5.89968e-06
5.90009e-06
5.90045e-06
5.90069e-06
5.90089e-06
5.90108e-06
5.90125e-06
5.90143e-06
5.90161e-06
5.90178e-06
5.90207e-06
5.90226e-06
5.90295e-06
5.87944e-06
5.87984e-06
5.8795e-06
5.87895e-06
5.87841e-06
5.87794e-06
5.87758e-06
5.87732e-06
5.87715e-06
5.87707e-06
5.87706e-06
5.87711e-06
5.87721e-06
5.87734e-06
5.87749e-06
5.87781e-06
5.87816e-06
5.87842e-06
5.87865e-06
5.87888e-06
5.87911e-06
5.87935e-06
5.8796e-06
5.87985e-06
5.88012e-06
5.88035e-06
5.86961e-06
5.87084e-06
5.87174e-06
5.87258e-06
5.87346e-06
5.87441e-06
5.87543e-06
5.87652e-06
5.87765e-06
5.87883e-06
5.88003e-06
5.88125e-06
5.8825e-06
5.88374e-06
5.88503e-06
5.88615e-06
5.88699e-06
5.88771e-06
5.88843e-06
5.88919e-06
5.88999e-06
5.89084e-06
5.89172e-06
5.8927e-06
5.89351e-06
5.89522e-06
)
;

boundaryField
{
    sides
    {
        type            empty;
    }
    inlet
    {
        type            fixedValue;
        value           uniform 5.84e-06;
    }
    topBot
    {
        type            zeroGradient;
    }
    outlet
    {
        type            zeroGradient;
    }
    wall
    {
        type            nutUSpaldingWallFunction;
        value           nonuniform List<scalar> 
136
(
0.000572574
0.000551964
0.00052975
0.000505984
0.000480692
0.000453901
0.000425634
0.000395911
0.000364746
0.000332089
0.000297812
0.000262056
0.000225243
0.000186403
0.000143398
0.000106149
7.96386e-05
7.96395e-05
0.000106151
0.0001434
0.000186406
0.000225245
0.000262058
0.000297814
0.000332091
0.000364748
0.000395913
0.000425636
0.000453903
0.000480694
0.000505986
0.000529752
0.000551966
0.000572576
9.8936e-05
0.000105598
0.000112326
0.000118458
0.000123446
0.000126862
0.00012839
0.000127806
0.000124999
0.000119865
0.000112368
0.000102653
9.08902e-05
7.73655e-05
6.16791e-05
4.66518e-05
3.59139e-05
3.59196e-05
4.66642e-05
6.16936e-05
7.73769e-05
9.08997e-05
0.000102661
0.000112373
0.000119868
0.000124999
0.000127803
0.000128385
0.000126855
0.000123438
0.000118448
0.000112316
0.000105589
9.89271e-05
0.000591538
0.000608833
0.000624513
0.000638625
0.000651016
0.000661487
0.000669883
0.00067605
0.000679812
0.000680954
0.000679352
0.000674985
0.000667638
0.000656867
0.00064208
0.000622663
0.000597835
0.000567059
0.000529148
0.000482967
0.000426474
0.000356943
0.000277502
0.00018814
7.78439e-05
8.11431e-05
0.000105379
0.000115117
0.000111632
9.75243e-05
8.96961e-05
8.72533e-05
8.90788e-05
9.31261e-05
0.000591536
0.000608832
0.000624512
0.000638623
0.000651014
0.000661485
0.000669881
0.000676049
0.000679811
0.000680953
0.000679351
0.000674984
0.000667638
0.000656867
0.00064208
0.000622664
0.000597836
0.000567061
0.00052915
0.00048297
0.000426477
0.000356947
0.000277507
0.000188146
7.78532e-05
8.11363e-05
0.000105379
0.000115117
0.000111633
9.75247e-05
8.96945e-05
8.72499e-05
8.90734e-05
9.31187e-05
)
;
    }
}


// ************************************************************************* //
