/*--------------------------------*- C++ -*----------------------------------*\
| =========                 |                                                 |
| \\      /  F ield         | OpenFOAM: The Open Source CFD Toolbox           |
|  \\    /   O peration     | Version:  2412                                  |
|   \\  /    A nd           | Website:  www.openfoam.com                      |
|    \\/     M anipulation  |                                                 |
\*---------------------------------------------------------------------------*/
FoamFile
{
    version     2.0;
    format      ascii;
    arch        "LSB;label=32;scalar=64";
    class       volScalarField;
    location    "1500";
    object      p;
}
// * * * * * * * * * * * * * * * * * * * * * * * * * * * * * * * * * * * * * //

dimensions      [0 2 -2 0 0 0 0];

internalField   nonuniform List<scalar> 
6320
(
0.590514
0.592777
0.598496
0.606806
0.616223
0.624929
0.62983
0.626048
0.605013
0.557694
0.54409
0.544778
0.546493
0.548432
0.549077
0.54633
0.536888
0.516177
0.47567
0.406761
0.49679
0.496224
0.494725
0.491586
0.485466
0.474317
0.45511
0.423932
0.37474
0.303118
0.450069
0.448593
0.444574
0.437537
0.426447
0.409493
0.384115
0.347276
0.294519
0.222549
0.405099
0.402954
0.397101
0.387292
0.372836
0.35224
0.323461
0.284271
0.231731
0.164356
0.362708
0.360106
0.353015
0.341382
0.32484
0.30224
0.272021
0.232647
0.182209
0.119967
0.323465
0.32058
0.312725
0.300011
0.282361
0.258937
0.228603
0.19036
0.143102
0.0867764
0.287723
0.284688
0.276427
0.263185
0.245123
0.221679
0.192056
0.155666
0.111934
0.0611054
0.255675
0.252582
0.244166
0.230778
0.212767
0.189798
0.161345
0.127117
0.0869266
0.0412633
0.227401
0.224307
0.215894
0.202594
0.184906
0.162678
0.135587
0.103559
0.0666436
0.0253887
0.202905
0.19984
0.191506
0.178406
0.161161
0.139761
0.114042
0.0840778
0.050113
0.0128198
0.182158
0.179124
0.170877
0.157994
0.141198
0.120578
0.0960767
0.0678761
0.0362942
0.00188867
0.165127
0.162099
0.153863
0.141125
0.124724
0.104814
0.0814052
0.054741
0.0252908
-0.00615149
0.151811
0.148742
0.140378
0.127577
0.111269
0.0916739
0.0688598
0.0431174
0.0148243
-0.0156081
0.142296
0.138926
0.130417
0.117761
0.101756
0.0826213
0.0604796
0.0356316
0.0086628
-0.0194846
0.137058
0.132236
0.122432
0.108936
0.0923515
0.0728294
0.0504934
0.0256197
-0.00156064
-0.0308197
0.503396
0.456515
0.403985
0.349445
0.288501
0.218647
0.140149
0.0537638
-0.0400068
-0.140535
-0.246779
-0.3573
-0.470364
-0.584018
-0.69616
-0.804644
-0.907394
-1.00252
-1.08842
-1.16385
-1.22776
-1.27856
-1.31638
-1.34172
-1.35492
-1.35641
-1.34692
-1.32744
-1.29908
-1.26305
-1.22057
-1.17291
-1.12132
-1.06754
0.323575
0.271046
0.220025
0.169862
0.115407
0.0553972
-0.00900698
-0.0769395
-0.148159
-0.222383
-0.298945
-0.376958
-0.455469
-0.533479
-0.609941
-0.683776
-0.753922
-0.819319
-0.879023
-0.932071
-0.978296
-1.01887
-1.05196
-1.077
-1.0943
-1.10415
-1.10674
-1.10231
-1.09122
-1.07388
-1.0507
-1.02207
-0.988286
-0.949684
0.234767
0.194666
0.154739
0.114572
0.0713061
0.0243869
-0.0254292
-0.0776311
-0.132012
-0.188258
-0.245873
-0.30428
-0.362866
-0.420986
-0.477956
-0.533081
-0.585682
-0.635121
-0.680825
-0.722311
-0.759184
-0.791106
-0.817732
-0.838862
-0.854499
-0.864756
-0.869791
-0.869827
-0.865171
-0.856201
-0.843348
-0.82709
-0.807794
-0.785232
0.156233
0.119538
0.0834903
0.047586
0.00973669
-0.0303497
-0.072032
-0.114861
-0.158634
-0.203135
-0.248059
-0.293047
-0.337715
-0.38167
-0.424508
-0.465832
-0.505252
-0.542408
-0.576916
-0.608327
-0.635965
-0.660042
-0.681396
-0.699341
-0.713434
-0.723718
-0.730337
-0.733378
-0.732929
-0.729113
-0.722092
-0.712018
-0.6991
-0.683276
0.10765
0.0776458
0.0482592
0.0190756
-0.0113533
-0.0432059
-0.0760297
-0.109528
-0.143589
-0.178082
-0.212791
-0.247456
-0.281814
-0.315603
-0.348556
-0.380402
-0.410874
-0.439717
-0.466697
-0.491607
-0.51429
-0.534634
-0.552516
-0.567792
-0.580376
-0.590265
-0.597497
-0.602124
-0.604225
-0.60391
-0.601324
-0.596614
-0.590003
-0.581434
0.0692815
0.0432758
0.0178505
-0.00740171
-0.0335259
-0.0605964
-0.0882481
-0.116246
-0.144488
-0.172859
-0.20119
-0.229299
-0.257013
-0.284154
-0.310544
-0.336002
-0.360355
-0.383439
-0.405102
-0.425205
-0.443614
-0.460257
-0.474917
-0.487716
-0.498615
-0.507534
-0.514454
-0.519398
-0.522405
-0.523521
-0.522804
-0.520312
-0.516152
-0.51024
0.0430522
0.0212279
-9.82598e-05
-0.0212437
-0.0429308
-0.065192
-0.0877642
-0.110485
-0.133289
-0.1561
-0.178809
-0.201294
-0.223431
-0.245098
-0.266173
-0.286533
-0.30606
-0.324643
-0.342175
-0.358562
-0.373717
-0.38757
-0.400061
-0.41115
-0.420798
-0.42898
-0.435688
-0.440935
-0.444748
-0.447161
-0.448228
-0.448002
-0.446586
-0.443892
0.0226379
0.00379949
-0.0146227
-0.032905
-0.0515695
-0.0706198
-0.0898533
-0.109146
-0.128444
-0.147683
-0.166776
-0.185626
-0.204143
-0.222239
-0.239825
-0.256812
-0.273116
-0.288657
-0.303358
-0.317151
-0.329974
-0.341772
-0.352501
-0.362124
-0.370615
-0.377956
-0.38414
-0.389163
-0.393034
-0.395766
-0.397384
-0.397905
-0.397382
-0.395735
0.00777508
-0.00835312
-0.0241471
-0.039815
-0.05572
-0.071852
-0.0880604
-0.104255
-0.120396
-0.136437
-0.152314
-0.167963
-0.183317
-0.198313
-0.212888
-0.226979
-0.240526
-0.253473
-0.265765
-0.277354
-0.288195
-0.298249
-0.307484
-0.315874
-0.323397
-0.330041
-0.335798
-0.340667
-0.344656
-0.347777
-0.350054
-0.351505
-0.352183
-0.352016
-0.00441722
-0.0185864
-0.0324617
-0.0462297
-0.0601603
-0.0742351
-0.0883363
-0.102394
-0.116376
-0.130245
-0.143948
-0.157435
-0.170654
-0.183557
-0.196095
-0.208223
-0.219894
-0.231064
-0.241693
-0.251744
-0.261182
-0.269977
-0.278102
-0.285537
-0.292263
-0.298266
-0.303539
-0.308076
-0.311877
-0.314946
-0.317291
-0.318913
-0.31984
-0.320013
-0.0132827
-0.0256066
-0.037743
-0.0497935
-0.0619366
-0.074156
-0.0863654
-0.0985118
-0.110569
-0.122506
-0.134285
-0.145868
-0.157214
-0.168288
-0.179053
-0.189473
-0.199514
-0.209143
-0.218331
-0.22705
-0.235275
-0.242983
-0.250154
-0.256772
-0.262825
-0.268302
-0.273198
-0.277508
-0.281234
-0.284378
-0.286947
-0.288953
-0.290426
-0.291315
-0.0223976
-0.0336356
-0.0445956
-0.0554596
-0.0663838
-0.0773386
-0.088248
-0.0990709
-0.109787
-0.120373
-0.130797
-0.141027
-0.151035
-0.160794
-0.170274
-0.17945
-0.188294
-0.196781
-0.204888
-0.212593
-0.219876
-0.22672
-0.233107
-0.239024
-0.244458
-0.249399
-0.253839
-0.257774
-0.261227
-0.264188
-0.266614
-0.268519
-0.269935
-0.270827
-0.0269786
-0.0368509
-0.0467305
-0.0565406
-0.0663455
-0.076147
-0.0859023
-0.0955772
-0.10515
-0.1146
-0.123901
-0.133029
-0.141958
-0.150664
-0.159127
-0.167324
-0.175236
-0.182841
-0.190123
-0.197065
-0.203653
-0.209873
-0.215716
-0.221175
-0.226247
-0.230915
-0.235159
-0.238969
-0.24235
-0.24529
-0.247804
-0.249871
-0.25153
-0.252765
-0.0372098
-0.0466878
-0.0557145
-0.0646557
-0.073634
-0.0825859
-0.0914456
-0.100192
-0.108816
-0.117305
-0.125637
-0.133794
-0.141759
-0.149514
-0.157043
-0.164327
-0.171351
-0.178099
-0.184558
-0.190714
-0.196555
-0.202071
-0.207255
-0.212099
-0.2166
-0.220757
-0.224557
-0.227986
-0.231016
-0.233652
-0.235941
-0.237866
-0.239408
-0.24054
-0.0368
-0.0455351
-0.0544823
-0.063201
-0.0717478
-0.0802211
-0.088618
-0.096905
-0.105063
-0.113082
-0.12095
-0.128652
-0.136172
-0.143496
-0.15061
-0.157498
-0.164147
-0.170545
-0.176678
-0.182534
-0.188101
-0.193367
-0.19832
-0.202948
-0.207238
-0.211191
-0.214817
-0.218117
-0.221081
-0.223724
-0.226038
-0.228043
-0.22971
-0.230999
-0.0516691
-0.0599561
-0.0675033
-0.0750872
-0.0827875
-0.090428
-0.0979311
-0.105307
-0.112566
-0.119697
-0.126683
-0.133509
-0.140162
-0.14663
-0.152902
-0.158965
-0.164808
-0.170422
-0.175797
-0.180923
-0.185792
-0.190397
-0.194731
-0.198788
-0.202562
-0.206052
-0.209262
-0.21221
-0.214857
-0.21717
-0.219211
-0.221048
-0.222694
-0.224137
-0.944535
-0.752113
-0.573307
-0.425488
-0.3125
-0.227129
-0.163087
-0.116251
-0.0825007
-0.0581993
-0.0406911
-0.0281548
-0.0193489
-0.0131185
-0.00856195
-0.00535127
-0.00317766
-0.0016872
-0.000657449
2.59629e-05
0.000440867
0.000644329
0.000689813
0.000573538
0.000365086
2.81428e-05
-0.85545
-0.700202
-0.55288
-0.431954
-0.335348
-0.258551
-0.196926
-0.148887
-0.112871
-0.0859089
-0.0655752
-0.0499776
-0.0385267
-0.0300258
-0.0229998
-0.0175538
-0.0135301
-0.010467
-0.00802498
-0.00605487
-0.00446796
-0.00318634
-0.00213401
-0.00128731
-0.000568526
-0.0001636
-0.730475
-0.623809
-0.517337
-0.421754
-0.341342
-0.275784
-0.221289
-0.175785
-0.139269
-0.110769
-0.0887071
-0.0712825
-0.0574619
-0.0465461
-0.0376829
-0.0304542
-0.024721
-0.0200878
-0.0162257
-0.0129621
-0.0101854
-0.00779935
-0.00570258
-0.00386539
-0.00214145
-0.000847327
-0.643779
-0.571794
-0.493382
-0.414032
-0.344762
-0.287082
-0.238302
-0.196171
-0.160369
-0.131151
-0.107844
-0.0889815
-0.0735643
-0.0609928
-0.0506263
-0.0419887
-0.0348175
-0.0288208
-0.0237203
-0.0193205
-0.0154805
-0.012091
-0.00901204
-0.0062391
-0.00347643
-0.00149121
-0.558936
-0.508802
-0.44869
-0.38779
-0.331496
-0.282025
-0.239253
-0.20216
-0.170068
-0.142713
-0.119573
-0.100312
-0.0843028
-0.0710261
-0.0598433
-0.0503125
-0.0421813
-0.0352204
-0.0291919
-0.0239028
-0.0192062
-0.0150135
-0.0111308
-0.00756443
-0.00395091
-0.0015276
-0.494088
-0.459751
-0.415918
-0.369546
-0.32396
-0.281678
-0.24373
-0.210418
-0.18125
-0.155572
-0.132921
-0.113449
-0.0969152
-0.0828569
-0.0707755
-0.0603263
-0.0512569
-0.0433423
-0.0363675
-0.0301506
-0.0245427
-0.0194403
-0.014699
-0.0103471
-0.0059013
-0.00259941
-0.435443
-0.411989
-0.379458
-0.343003
-0.306427
-0.271208
-0.238493
-0.208764
-0.182108
-0.158417
-0.137474
-0.119071
-0.102883
-0.0885755
-0.0760661
-0.0651737
-0.0556261
-0.0471851
-0.0396461
-0.0328448
-0.0266331
-0.0208949
-0.0155354
-0.0106039
-0.00566759
-0.00220628
-0.389944
-0.374194
-0.35044
-0.322306
-0.293031
-0.264041
-0.236214
-0.21007
-0.18592
-0.164075
-0.144469
-0.126866
-0.111052
-0.0967667
-0.0840278
-0.072744
-0.062704
-0.0537053
-0.0455513
-0.0381016
-0.031249
-0.02492
-0.0189594
-0.0134112
-0.00765259
-0.00333902
-0.349885
-0.33954
-0.322013
-0.300145
-0.276527
-0.252442
-0.228615
-0.205647
-0.183998
-0.163925
-0.145452
-0.128539
-0.113257
-0.0994559
-0.0869713
-0.0756756
-0.0654527
-0.0561772
-0.047671
-0.0397992
-0.0324943
-0.0257063
-0.0192905
-0.0133115
-0.00723237
-0.00288943
-0.318842
-0.312308
-0.299562
-0.282569
-0.263487
-0.243455
-0.223111
-0.203028
-0.183674
-0.165343
-0.148182
-0.132235
-0.117538
-0.104114
-0.0918115
-0.0804971
-0.0700914
-0.0605089
-0.051694
-0.0435145
-0.0358529
-0.028646
-0.0217711
-0.0153395
-0.00868474
-0.00375356
-0.291976
-0.288103
-0.27869
-0.265317
-0.249728
-0.23289
-0.215368
-0.197681
-0.180293
-0.163529
-0.147584
-0.132557
-0.118509
-0.105458
-0.093344
-0.0820939
-0.0716444
-0.0619255
-0.0529228
-0.0445648
-0.0367227
-0.0293127
-0.0221932
-0.015483
-0.00856549
-0.0035335
-0.271627
-0.269546
-0.262627
-0.251958
-0.239027
-0.224677
-0.2094
-0.193666
-0.177921
-0.1625
-0.147617
-0.133406
-0.119949
-0.107288
-0.0954204
-0.0843118
-0.0739178
-0.0641922
-0.0550722
-0.0465311
-0.0384844
-0.0308538
-0.0234879
-0.0165238
-0.00928466
-0.00393729
-0.254471
-0.253614
-0.248368
-0.239666
-0.228764
-0.216382
-0.202939
-0.188856
-0.174546
-0.160338
-0.14645
-0.133031
-0.120181
-0.10796
-0.0963929
-0.0854703
-0.0751689
-0.0654569
-0.0562964
-0.0476486
-0.0394383
-0.0316008
-0.0240199
-0.0168516
-0.00941625
-0.00394357
-0.242119
-0.241936
-0.237734
-0.230237
-0.220599
-0.209468
-0.197219
-0.184239
-0.170927
-0.157595
-0.144453
-0.131649
-0.119293
-0.107459
-0.0961835
-0.0854759
-0.0753257
-0.0657127
-0.056603
-0.0479561
-0.0397135
-0.0318323
-0.024198
-0.0169655
-0.009458
-0.00394489
-0.232841
-0.233137
-0.229711
-0.223244
-0.21472
-0.204681
-0.193452
-0.181401
-0.168938
-0.156359
-0.143855
-0.131569
-0.119615
-0.108077
-0.0970067
-0.0864266
-0.0763401
-0.0667357
-0.0575874
-0.0488658
-0.0405283
-0.0325459
-0.024798
-0.0174441
-0.00978889
-0.00413123
-0.226489
-0.22619
-0.222368
-0.215937
-0.207693
-0.198064
-0.187331
-0.17584
-0.163976
-0.152005
-0.140089
-0.128351
-0.116895
-0.105801
-0.0951192
-0.0848736
-0.0750709
-0.0657012
-0.0567452
-0.0481795
-0.0399628
-0.0320695
-0.0243857
-0.0170773
-0.00949297
-0.00394159
0.590511
0.592774
0.598493
0.606802
0.616219
0.624924
0.629825
0.626041
0.605004
0.557683
0.544087
0.544774
0.546489
0.548428
0.549072
0.546325
0.536882
0.51617
0.475661
0.406751
0.496786
0.49622
0.494721
0.491582
0.485462
0.474312
0.455104
0.423926
0.374733
0.303109
0.450065
0.448589
0.44457
0.437533
0.426442
0.409489
0.384109
0.34727
0.294512
0.222541
0.405095
0.40295
0.397098
0.387289
0.372832
0.352236
0.323456
0.284265
0.231726
0.164349
0.362705
0.360103
0.353012
0.341378
0.324837
0.302236
0.272017
0.232642
0.182204
0.119962
0.323462
0.320577
0.312722
0.300008
0.282357
0.258934
0.228599
0.190356
0.143098
0.0867723
0.28772
0.284685
0.276424
0.263183
0.24512
0.221676
0.192053
0.155663
0.111931
0.0611025
0.255673
0.25258
0.244164
0.230776
0.212765
0.189796
0.161342
0.127114
0.0869244
0.0412613
0.227398
0.224305
0.215892
0.202592
0.184904
0.162676
0.135586
0.103557
0.0666421
0.0253875
0.202903
0.199838
0.191504
0.178404
0.161159
0.13976
0.114041
0.0840766
0.0501122
0.0128193
0.182157
0.179122
0.170875
0.157992
0.141196
0.120576
0.0960757
0.0678754
0.0362939
0.00188887
0.165125
0.162097
0.153861
0.141124
0.124723
0.104813
0.0814046
0.0547408
0.025291
-0.00615076
0.15181
0.148741
0.140377
0.127576
0.111268
0.0916732
0.0688596
0.0431175
0.0148249
-0.015607
0.142295
0.138924
0.130415
0.11776
0.101755
0.0826209
0.0604796
0.035632
0.0086637
-0.0194831
0.137057
0.132235
0.122431
0.108935
0.0923509
0.0728292
0.0504936
0.0256203
-0.00155943
-0.0308178
0.503383
0.4565
0.403968
0.349426
0.288481
0.218625
0.140126
0.0537394
-0.0400327
-0.140562
-0.246808
-0.357332
-0.470397
-0.584052
-0.696196
-0.804681
-0.907432
-1.00256
-1.08845
-1.16389
-1.2278
-1.2786
-1.31641
-1.34176
-1.35495
-1.35643
-1.34694
-1.32745
-1.29909
-1.26305
-1.22056
-1.17291
-1.1213
-1.06752
0.323562
0.271032
0.22001
0.169846
0.115389
0.0553778
-0.00902726
-0.0769607
-0.148181
-0.222406
-0.298969
-0.376983
-0.455495
-0.533506
-0.609969
-0.683805
-0.753951
-0.819347
-0.879051
-0.932099
-0.978323
-1.0189
-1.05199
-1.07702
-1.09432
-1.10417
-1.10675
-1.10232
-1.09123
-1.07389
-1.0507
-1.02207
-0.988277
-0.94967
0.234756
0.194655
0.154727
0.114558
0.0712914
0.0243712
-0.0254456
-0.0776479
-0.132029
-0.188276
-0.245892
-0.304299
-0.362886
-0.421006
-0.477976
-0.533102
-0.585703
-0.635141
-0.680845
-0.72233
-0.759202
-0.791123
-0.817747
-0.838875
-0.854511
-0.864765
-0.869798
-0.869832
-0.865173
-0.8562
-0.843344
-0.827083
-0.807784
-0.785219
0.156225
0.119529
0.08348
0.0475747
0.00972451
-0.0303625
-0.0720453
-0.114875
-0.158648
-0.203149
-0.248073
-0.293062
-0.33773
-0.381685
-0.424524
-0.465847
-0.505267
-0.542423
-0.57693
-0.60834
-0.635977
-0.660053
-0.681406
-0.69935
-0.713441
-0.723723
-0.73034
-0.73338
-0.732929
-0.72911
-0.722087
-0.712011
-0.699091
-0.683264
0.107643
0.0776383
0.048251
0.0190668
-0.0113627
-0.0432158
-0.0760398
-0.109539
-0.143599
-0.178092
-0.212802
-0.247467
-0.281825
-0.315614
-0.348567
-0.380412
-0.410883
-0.439727
-0.466705
-0.491615
-0.514297
-0.53464
-0.552522
-0.567796
-0.580379
-0.590267
-0.597497
-0.602123
-0.604222
-0.603905
-0.601318
-0.596606
-0.589993
-0.581422
0.0692759
0.0432699
0.0178442
-0.00740849
-0.0335332
-0.060604
-0.0882559
-0.116254
-0.144496
-0.172867
-0.201197
-0.229307
-0.25702
-0.284162
-0.310551
-0.336009
-0.360361
-0.383446
-0.405107
-0.42521
-0.443618
-0.46026
-0.47492
-0.487718
-0.498616
-0.507534
-0.514452
-0.519394
-0.522401
-0.523515
-0.522797
-0.520303
-0.516142
-0.510228
0.0430481
0.0212236
-0.000102823
-0.0212486
-0.0429361
-0.0651975
-0.0877697
-0.110491
-0.133294
-0.156105
-0.178814
-0.201299
-0.223436
-0.245103
-0.266177
-0.286537
-0.306064
-0.324646
-0.342178
-0.358564
-0.373718
-0.38757
-0.400061
-0.411149
-0.420797
-0.428977
-0.435684
-0.440931
-0.444742
-0.447154
-0.44822
-0.447993
-0.446575
-0.443881
0.0226349
0.00379653
-0.0146258
-0.0329084
-0.0515732
-0.0706236
-0.0898571
-0.10915
-0.128448
-0.147687
-0.166779
-0.185629
-0.204146
-0.222242
-0.239827
-0.256814
-0.273118
-0.288658
-0.303359
-0.317151
-0.329973
-0.341772
-0.3525
-0.362122
-0.370612
-0.377953
-0.384135
-0.389157
-0.393027
-0.395759
-0.397376
-0.397896
-0.397372
-0.395724
0.00777324
-0.00835492
-0.024149
-0.0398171
-0.0557222
-0.0718543
-0.0880627
-0.104257
-0.120398
-0.136438
-0.152316
-0.167964
-0.183318
-0.198314
-0.212889
-0.22698
-0.240526
-0.253472
-0.265764
-0.277352
-0.288193
-0.298247
-0.307481
-0.31587
-0.323393
-0.330036
-0.335792
-0.340661
-0.344649
-0.34777
-0.350046
-0.351495
-0.352173
-0.352005
-0.00441813
-0.0185872
-0.0324625
-0.0462307
-0.0601614
-0.0742362
-0.0883373
-0.102395
-0.116377
-0.130245
-0.143949
-0.157435
-0.170654
-0.183556
-0.196095
-0.208222
-0.219892
-0.231062
-0.241691
-0.251741
-0.261179
-0.269973
-0.278098
-0.285532
-0.292258
-0.298261
-0.303533
-0.308069
-0.31187
-0.314938
-0.317282
-0.318904
-0.31983
-0.320002
-0.0132828
-0.0256066
-0.037743
-0.0497935
-0.0619367
-0.0741561
-0.0863653
-0.0985116
-0.110568
-0.122505
-0.134285
-0.145866
-0.157213
-0.168287
-0.179051
-0.189471
-0.199511
-0.20914
-0.218328
-0.227047
-0.235271
-0.242978
-0.250149
-0.256767
-0.262819
-0.268296
-0.273191
-0.277501
-0.281226
-0.284369
-0.286939
-0.288944
-0.290416
-0.291305
-0.022397
-0.0336349
-0.0445948
-0.0554589
-0.0663831
-0.0773378
-0.0882471
-0.0990698
-0.109786
-0.120371
-0.130795
-0.141025
-0.151033
-0.160791
-0.170272
-0.179447
-0.188291
-0.196777
-0.204884
-0.212589
-0.219872
-0.226715
-0.233102
-0.239018
-0.244452
-0.249393
-0.253832
-0.257767
-0.261219
-0.26418
-0.266605
-0.26851
-0.269926
-0.270817
-0.0269775
-0.0368496
-0.0467292
-0.0565393
-0.0663441
-0.0761455
-0.0859008
-0.0955754
-0.105148
-0.114597
-0.123899
-0.133026
-0.141955
-0.150661
-0.159124
-0.167321
-0.175232
-0.182837
-0.190119
-0.197061
-0.203648
-0.209868
-0.215711
-0.221169
-0.22624
-0.230908
-0.235152
-0.238961
-0.242342
-0.245282
-0.247795
-0.249861
-0.25152
-0.252755
-0.0372082
-0.046686
-0.0557126
-0.0646538
-0.073632
-0.0825838
-0.0914434
-0.100189
-0.108814
-0.117302
-0.125634
-0.133791
-0.141755
-0.149511
-0.157039
-0.164323
-0.171346
-0.178095
-0.184553
-0.190708
-0.196549
-0.202065
-0.207248
-0.212092
-0.216594
-0.22075
-0.22455
-0.227979
-0.231008
-0.233644
-0.235933
-0.237857
-0.239399
-0.24053
-0.0367981
-0.0455331
-0.0544802
-0.0631988
-0.0717455
-0.0802187
-0.0886155
-0.0969023
-0.10506
-0.113079
-0.120947
-0.128648
-0.136168
-0.143493
-0.150606
-0.157494
-0.164143
-0.17054
-0.176673
-0.182529
-0.188095
-0.193361
-0.198313
-0.202941
-0.207231
-0.211184
-0.21481
-0.218109
-0.221073
-0.223715
-0.226029
-0.228034
-0.2297
-0.23099
-0.0516667
-0.0599535
-0.0675006
-0.0750844
-0.0827846
-0.090425
-0.097928
-0.105304
-0.112563
-0.119694
-0.126679
-0.133505
-0.140157
-0.146626
-0.152897
-0.15896
-0.164803
-0.170417
-0.175791
-0.180917
-0.185786
-0.190391
-0.194724
-0.198781
-0.202555
-0.206045
-0.209254
-0.212202
-0.214849
-0.217161
-0.219202
-0.221038
-0.222685
-0.224127
-0.944505
-0.752074
-0.573265
-0.425446
-0.312457
-0.227086
-0.163044
-0.116211
-0.0824644
-0.0581682
-0.0406661
-0.0281359
-0.0193346
-0.0131071
-0.00855212
-0.00534245
-0.00316977
-0.00168053
-0.000652514
2.88396e-05
0.000441866
0.000643956
0.000688575
0.000572058
0.000363951
2.76974e-05
-0.855428
-0.700172
-0.552846
-0.431919
-0.335314
-0.258516
-0.19689
-0.148853
-0.112839
-0.0858807
-0.0655514
-0.0499588
-0.0385119
-0.0300136
-0.0229895
-0.0175449
-0.0135224
-0.0104605
-0.00801987
-0.00605134
-0.00446597
-0.00318563
-0.00213419
-0.00128793
-0.00056903
-0.000164031
-0.730456
-0.623783
-0.517308
-0.421724
-0.341312
-0.275754
-0.221259
-0.175755
-0.13924
-0.110743
-0.0886845
-0.0712636
-0.0574466
-0.0465333
-0.037672
-0.0304449
-0.024713
-0.020081
-0.0162201
-0.0129578
-0.0101824
-0.00779748
-0.00570158
-0.00386496
-0.00214121
-0.000847417
-0.643762
-0.571772
-0.493358
-0.414007
-0.344737
-0.287056
-0.238276
-0.196145
-0.160344
-0.131128
-0.107823
-0.0889638
-0.0735495
-0.0609803
-0.0506156
-0.0419795
-0.0348095
-0.028814
-0.0237146
-0.019316
-0.0154771
-0.0120887
-0.00901054
-0.0062382
-0.00347585
-0.00149117
-0.55892
-0.508783
-0.448669
-0.387768
-0.331474
-0.282003
-0.239231
-0.202137
-0.170046
-0.142692
-0.119554
-0.100295
-0.0842884
-0.0710137
-0.0598325
-0.050303
-0.042173
-0.0352131
-0.0291858
-0.0238978
-0.0192024
-0.0150108
-0.0111289
-0.00756311
-0.00394996
-0.00152734
-0.494074
-0.459733
-0.4159
-0.369527
-0.323941
-0.281658
-0.24371
-0.210398
-0.18123
-0.155553
-0.132903
-0.113434
-0.0969016
-0.082845
-0.070765
-0.060317
-0.0512485
-0.0433349
-0.0363611
-0.0301454
-0.0245386
-0.0194374
-0.0146969
-0.0103458
-0.0059005
-0.00259923
-0.435429
-0.411973
-0.379441
-0.342986
-0.30641
-0.27119
-0.238475
-0.208745
-0.18209
-0.158399
-0.137457
-0.119056
-0.10287
-0.088564
-0.076056
-0.0651646
-0.0556179
-0.0471776
-0.0396396
-0.0328393
-0.0266287
-0.0208915
-0.0155331
-0.0106025
-0.00566674
-0.00220608
-0.389931
-0.37418
-0.350425
-0.322291
-0.293016
-0.264025
-0.236197
-0.210053
-0.185903
-0.164059
-0.144454
-0.126852
-0.111039
-0.0967559
-0.0840181
-0.0727352
-0.0626959
-0.053698
-0.0455448
-0.038096
-0.0312446
-0.0249167
-0.018957
-0.0134096
-0.0076516
-0.00333874
-0.349873
-0.339526
-0.321999
-0.300131
-0.276513
-0.252428
-0.2286
-0.205632
-0.183982
-0.16391
-0.145437
-0.128525
-0.113245
-0.0994454
-0.0869618
-0.075667
-0.0654448
-0.05617
-0.0476647
-0.0397938
-0.0324899
-0.0257029
-0.019288
-0.0133098
-0.00723132
-0.00288912
-0.31883
-0.312295
-0.299549
-0.282556
-0.263474
-0.243441
-0.223098
-0.203014
-0.183659
-0.165329
-0.148168
-0.132222
-0.117527
-0.104104
-0.0918023
-0.0804887
-0.0700838
-0.0605021
-0.051688
-0.0435093
-0.0358485
-0.0286425
-0.0217684
-0.0153376
-0.00868365
-0.00375324
-0.291964
-0.288091
-0.278678
-0.265305
-0.249715
-0.232877
-0.215355
-0.197668
-0.180279
-0.163516
-0.147571
-0.132545
-0.118498
-0.105448
-0.0933351
-0.0820858
-0.071637
-0.0619188
-0.0529168
-0.0445596
-0.0367183
-0.0293091
-0.0221905
-0.0154812
-0.00856444
-0.00353318
-0.271616
-0.269534
-0.262614
-0.251946
-0.239015
-0.224665
-0.209388
-0.193654
-0.177909
-0.162487
-0.147605
-0.133395
-0.119938
-0.107279
-0.0954118
-0.0843039
-0.0739106
-0.0641856
-0.0550662
-0.0465259
-0.03848
-0.0308503
-0.0234853
-0.0165221
-0.00928372
-0.00393702
-0.25446
-0.253603
-0.248356
-0.239654
-0.228753
-0.21637
-0.202928
-0.188844
-0.174534
-0.160326
-0.146439
-0.13302
-0.120171
-0.107951
-0.0963845
-0.0854626
-0.0751618
-0.0654504
-0.0562906
-0.0476435
-0.039434
-0.0315974
-0.0240173
-0.0168499
-0.00941524
-0.00394324
-0.242108
-0.241925
-0.237723
-0.230226
-0.220588
-0.209457
-0.197207
-0.184227
-0.170916
-0.157584
-0.144442
-0.131638
-0.119284
-0.10745
-0.0961753
-0.0854685
-0.0753189
-0.0657064
-0.0565973
-0.0479512
-0.0397093
-0.031829
-0.0241955
-0.0169638
-0.00945701
-0.00394458
-0.232831
-0.233126
-0.2297
-0.223233
-0.214709
-0.204671
-0.193441
-0.18139
-0.168926
-0.156348
-0.143845
-0.131559
-0.119606
-0.108069
-0.0969987
-0.0864192
-0.0763333
-0.0667295
-0.0575818
-0.0488609
-0.0405242
-0.0325426
-0.0247955
-0.0174423
-0.00978786
-0.00413088
-0.226479
-0.226179
-0.222357
-0.215926
-0.207683
-0.198054
-0.187321
-0.175829
-0.163965
-0.151994
-0.140079
-0.128341
-0.116886
-0.105793
-0.0951115
-0.0848665
-0.0750644
-0.0656953
-0.0567398
-0.0481748
-0.0399588
-0.0320664
-0.0243833
-0.0170757
-0.00949201
-0.00394129
0.619235
0.622518
0.631103
0.644139
0.660295
0.678296
0.695577
0.7081
0.705349
0.678302
0.632553
0.636271
0.646183
0.661452
0.680837
0.70337
0.726847
0.74777
0.755299
0.742644
0.645414
0.649591
0.660857
0.678407
0.701116
0.728362
0.75839
0.788373
0.807646
0.811332
0.657764
0.662411
0.675023
0.694847
0.720902
0.752947
0.789772
0.829337
0.861664
0.883287
0.669543
0.674661
0.688602
0.710682
0.740088
0.776996
0.820829
0.870454
0.917029
0.958625
0.680694
0.686276
0.701517
0.725813
0.758538
0.80031
0.851273
0.911306
0.973192
1.03661
0.691157
0.69719
0.71369
0.740138
0.776111
0.822692
0.880817
0.951476
1.02953
1.11645
0.700877
0.707342
0.725045
0.753555
0.792666
0.843934
0.909147
0.990482
1.08531
1.19711
0.709799
0.716671
0.735509
0.765967
0.808062
0.863828
0.935937
1.02781
1.13968
1.27728
0.717872
0.725121
0.745009
0.777277
0.822161
0.882163
0.960852
1.06291
1.19171
1.35545
0.725048
0.732639
0.753481
0.787395
0.834831
0.898735
0.983558
1.09522
1.24039
1.4299
0.731284
0.739178
0.760864
0.796238
0.845947
0.91335
1.00373
1.12419
1.28469
1.49874
0.736542
0.744696
0.767103
0.803729
0.855397
0.92583
1.02106
1.14927
1.32355
1.56003
0.740789
0.749155
0.772153
0.809805
0.863082
0.936016
1.03529
1.16999
1.35601
1.61188
0.743997
0.752527
0.775975
0.81441
0.868921
0.943776
1.04617
1.18592
1.38118
1.65253
0.746148
0.754787
0.778539
0.817504
0.872849
0.949008
1.05352
1.19672
1.39837
1.68051
0.747228
0.75592
0.779826
0.819057
0.874823
0.951641
1.05723
1.20218
1.40707
1.69474
0.747228
0.75592
0.779826
0.819057
0.874823
0.951641
1.05723
1.20218
1.40707
1.69474
0.746148
0.754787
0.778539
0.817504
0.872849
0.949009
1.05352
1.19673
1.39837
1.68051
0.743998
0.752527
0.775975
0.814411
0.868921
0.943777
1.04617
1.18592
1.38118
1.65253
0.740789
0.749156
0.772154
0.809806
0.863083
0.936017
1.03529
1.16999
1.35601
1.61188
0.736543
0.744697
0.767104
0.803731
0.855398
0.925832
1.02106
1.14927
1.32356
1.56004
0.731285
0.73918
0.760865
0.796239
0.845948
0.913352
1.00373
1.12419
1.28469
1.49874
0.725049
0.732641
0.753482
0.787397
0.834833
0.898738
0.98356
1.09522
1.2404
1.4299
0.717873
0.725122
0.745011
0.777279
0.822163
0.882166
0.960855
1.06291
1.19172
1.35546
0.709801
0.716672
0.73551
0.765969
0.808065
0.863831
0.935941
1.02781
1.13969
1.27729
0.700879
0.707343
0.725047
0.753558
0.792669
0.843937
0.909151
0.990487
1.08531
1.19712
0.691159
0.697192
0.713692
0.74014
0.776114
0.822695
0.880821
0.951481
1.02954
1.11646
0.680696
0.686278
0.701519
0.725816
0.758541
0.800314
0.851278
0.911312
0.973199
1.03662
0.669546
0.674664
0.688604
0.710685
0.740092
0.777
0.820834
0.87046
0.917037
0.958635
0.657767
0.662413
0.675026
0.69485
0.720905
0.752951
0.789777
0.829343
0.861672
0.883298
0.645417
0.649593
0.66086
0.67841
0.70112
0.728367
0.758395
0.788379
0.807654
0.811342
0.632555
0.636274
0.646186
0.661455
0.68084
0.703374
0.726853
0.747777
0.755307
0.742655
0.619238
0.622521
0.631106
0.644143
0.660299
0.678301
0.695583
0.708107
0.705357
0.678313
0.607665
0.679085
0.757252
0.827969
0.903844
0.987519
1.07718
1.17167
1.26894
1.36692
1.45883
1.54119
1.59318
1.61714
1.53897
1.42143
0.954711
0.577664
-1.08796
0.683918
0.769851
0.862499
0.943194
1.0315
1.13073
1.23809
1.35256
1.47312
1.59785
1.72201
1.84111
1.94097
2.01679
2.01856
1.97461
1.66307
1.38957
0.0563027
0.762626
0.859991
0.965138
1.05683
1.15831
1.27349
1.39895
1.53408
1.67866
1.83133
1.98873
2.14677
2.2953
2.42741
2.50771
2.54617
2.38204
2.22301
1.21374
0.849527
0.960358
1.07879
1.1829
1.29875
1.43107
1.57606
1.73341
1.90367
2.08613
2.27855
2.47767
2.67621
2.86701
3.02462
3.14836
3.1221
3.07947
2.37094
0.943319
1.06709
1.19831
1.31562
1.44677
1.59708
1.76254
1.94318
2.14026
2.35376
2.58244
2.82404
3.07344
3.32432
3.55796
3.76837
3.87111
3.94665
3.51149
1.04344
1.18038
1.32467
1.45618
1.60354
1.77263
1.95945
2.16437
2.38928
2.63486
2.90074
3.18567
3.48626
3.79736
4.10508
4.40092
4.6232
4.81465
4.62215
1.14908
1.29907
1.45637
1.60267
1.7669
1.95532
2.16414
2.39398
2.64735
2.92556
3.22903
3.55745
3.90881
4.27921
4.65824
5.03652
5.36851
5.67095
5.6899
1.25894
1.42175
1.59193
1.75352
1.93509
2.14318
2.3743
2.62938
2.9114
3.22229
3.56314
3.93446
4.33538
4.76307
5.20969
5.66577
6.09712
6.50301
6.70283
1.37129
1.54645
1.72919
1.90627
2.10534
2.33307
2.5864
2.86656
3.17692
3.51993
3.89727
4.31012
4.75849
5.24046
5.75003
6.278
6.79797
7.2979
7.64982
1.48384
1.67069
1.86543
2.05788
2.27424
2.5212
2.79622
3.10079
3.43858
3.81251
4.22471
4.67691
5.16977
5.70207
6.26909
6.86199
7.4596
8.04284
8.52048
1.59382
1.79142
1.99736
2.20468
2.43772
2.70303
2.9987
3.32643
3.69014
4.09307
4.53776
5.02633
5.55991
6.13778
6.75604
7.40617
8.07035
8.72523
9.30432
1.69796
1.90513
2.12124
2.34251
2.59115
2.87345
3.18817
3.53723
3.92467
4.35402
4.8281
5.34931
5.91911
6.53708
7.19985
7.89908
8.6189
9.33331
9.99118
1.7927
2.00801
2.23301
2.46687
2.72953
3.02697
3.3586
3.72655
4.13491
4.58741
5.08711
5.63657
6.23745
6.88953
7.58969
8.32971
9.09475
9.85702
10.5741
1.87432
2.09617
2.32858
2.57323
2.84782
3.15804
3.50392
3.88776
4.31364
4.78544
5.30638
5.87913
6.50545
7.18523
7.91549
8.68812
9.4887
10.2886
11.0499
1.93932
2.16594
2.40415
2.65737
2.94135
3.26156
3.61858
4.01481
4.45432
4.94106
5.47837
6.06901
6.71476
7.41561
8.16864
8.9659
9.7932
10.622
11.4159
1.98465
2.21422
2.4565
2.71573
3.00616
3.33322
3.6979
4.10264
4.55147
5.0484
5.59685
6.1996
6.85847
7.57349
8.34181
9.15565
10.0011
10.8503
11.6666
2.00788
2.23865
2.48307
2.74541
3.03908
3.36958
3.73812
4.14713
4.60063
5.10264
5.65662
6.26535
6.93067
7.6526
8.4283
9.25012
10.1042
10.9638
11.7916
2.00788
2.23865
2.48307
2.74542
3.03908
3.36958
3.73812
4.14714
4.60063
5.10264
5.65662
6.26535
6.93068
7.6526
8.42831
9.25012
10.1042
10.9638
11.7916
1.98466
2.21422
2.4565
2.71573
3.00616
3.33323
3.69791
4.10264
4.55147
5.04841
5.59685
6.1996
6.85848
7.5735
8.34182
9.15566
10.0011
10.8503
11.6667
1.93933
2.16594
2.40415
2.65738
2.94135
3.26156
3.61859
4.01482
4.45433
4.94107
5.47838
6.06901
6.71477
7.41562
8.16865
8.96591
9.79321
10.622
11.416
1.87433
2.09617
2.32858
2.57324
2.84783
3.15805
3.50393
3.88777
4.31365
4.78545
5.30639
5.87914
6.50546
7.18524
7.91551
8.68814
9.48871
10.2886
11.0499
1.7927
2.00802
2.23301
2.46688
2.72954
3.02698
3.35861
3.72656
4.13492
4.58742
5.08712
5.63659
6.23747
6.88955
7.58971
8.32974
9.09477
9.85705
10.5741
1.69797
1.90514
2.12125
2.34252
2.59116
2.87346
3.18819
3.53724
3.92469
4.35403
4.82812
5.34933
5.91913
6.53711
7.19987
7.89911
8.61893
9.33334
9.99122
1.59383
1.79143
1.99738
2.20469
2.43774
2.70305
2.99872
3.32645
3.69015
4.09309
4.53778
5.02635
5.55993
6.1378
6.75607
7.4062
8.07039
8.72527
9.30436
1.48385
1.6707
1.86545
2.05789
2.27426
2.52121
2.79624
3.10081
3.4386
3.81253
4.22473
4.67693
5.16979
5.7021
6.26912
6.86202
7.45964
8.04288
8.52052
1.3713
1.54647
1.72921
1.90629
2.10535
2.33308
2.58642
2.86658
3.17694
3.51995
3.8973
4.31015
4.75852
5.24049
5.75006
6.27803
6.79801
7.29795
7.64987
1.25896
1.42176
1.59194
1.75354
1.93511
2.1432
2.37432
2.6294
2.91142
3.22231
3.56317
3.93449
4.33541
4.7631
5.20972
5.66581
6.09716
6.50306
6.70289
1.1491
1.29909
1.45638
1.60269
1.76692
1.95534
2.16416
2.39401
2.64737
2.92559
3.22906
3.55748
3.90885
4.27925
4.65828
5.03656
5.36856
5.671
5.68997
1.04345
1.1804
1.32469
1.45619
1.60356
1.77265
1.95948
2.16439
2.3893
2.63489
2.90077
3.1857
3.48629
3.7974
4.10512
4.40097
4.62326
4.81471
4.62222
0.943332
1.06711
1.19832
1.31564
1.44679
1.5971
1.76256
1.9432
2.14029
2.35379
2.58248
2.82408
3.07348
3.32436
3.55801
3.76842
3.87117
3.94671
3.51157
0.84954
0.960373
1.07881
1.18292
1.29877
1.43109
1.57608
1.73344
1.9037
2.08616
2.27858
2.47771
2.67625
2.86705
3.02467
3.14841
3.12216
3.07954
2.37102
0.76264
0.860007
0.965157
1.05685
1.15833
1.27351
1.39898
1.53411
1.67869
1.83136
1.98876
2.14681
2.29535
2.42746
2.50776
2.54622
2.3821
2.22307
1.21382
0.683932
0.769868
0.862519
0.943217
1.03152
1.13076
1.23811
1.35259
1.47315
1.59789
1.72205
1.84115
1.94101
2.01684
2.01861
1.97467
1.66313
1.38964
0.0563933
0.607679
0.679102
0.757272
0.827992
0.903869
0.987546
1.07721
1.1717
1.26898
1.36695
1.45887
1.54123
1.59322
1.61719
1.53903
1.42149
0.954779
0.577738
-1.08787
-1.72269
-5.89497
-0.437307
-4.13665
0.853698
-2.37381
2.13687
-0.62586
3.40034
1.08727
4.63066
2.7465
5.81429
4.33347
6.9377
5.83046
7.98833
7.22128
8.95485
8.49387
9.82529
9.63869
10.5851
10.6341
11.2234
11.4446
11.7399
12.079
12.1409
12.5976
12.4219
12.9471
12.5605
13.0815
12.5605
13.0815
12.4219
12.947
12.1409
12.5975
11.7399
12.0789
11.2233
11.4445
10.585
10.634
9.82524
9.63863
8.9548
8.4938
7.98827
7.2212
6.93764
5.83038
5.81422
4.33338
4.63059
2.74639
3.40026
1.08716
2.13678
-0.625977
0.853609
-2.37393
-0.437401
-4.13678
-1.72279
-5.89511
-8.00254
-7.87724
-8.03422
-7.9161
-8.0685
-7.95954
-8.10027
-8.00214
-8.12358
-8.03896
-8.13253
-8.06519
-8.12269
-8.07705
-8.09206
-8.0729
-8.04091
-8.05288
-7.97156
-8.01791
-7.8885
-7.96994
-7.79883
-7.91326
-7.71189
-7.85351
-7.63579
-7.79595
-7.57154
-7.74456
-7.52476
-7.70445
-7.50271
-7.68199
-7.50271
-7.682
-7.52477
-7.70446
-7.57156
-7.74457
-7.6358
-7.79595
-7.7119
-7.85349
-7.79883
-7.91322
-7.88848
-7.96988
-7.97151
-8.01782
-8.04083
-8.05276
-8.09195
-8.07276
-8.12255
-8.07689
-8.13237
-8.06501
-8.1234
-8.03876
-8.10007
-8.00193
-8.0683
-7.95933
-8.03402
-7.9159
-8.00235
-7.87706
-7.87382
-7.78608
-7.42394
-7.23423
-6.84986
-6.31499
-5.88824
-5.43324
-4.94996
-4.46225
-3.98402
-3.52316
-3.08857
-2.68737
-2.32388
-1.99925
-1.71363
-1.4656
-1.25744
-7.91784
-7.90511
-7.6312
-7.29708
-7.03751
-6.58923
-6.10521
-5.66051
-5.18119
-4.68349
-4.19064
-3.71294
-3.25937
-2.83836
-2.45526
-2.11198
-1.80934
-1.54491
-1.31876
-7.96192
-7.96422
-7.85823
-7.49787
-7.14475
-6.83895
-6.39073
-5.90846
-5.43743
-4.93679
-4.4284
-3.93109
-3.45572
-3.01191
-2.60586
-2.24047
-1.91753
-1.63499
-1.38955
-8.00893
-8.02676
-8.03077
-7.80218
-7.41879
-7.04489
-6.66792
-6.17734
-5.6728
-5.16548
-4.64308
-4.12339
-3.62219
-3.15288
-2.72278
-2.33511
-1.99277
-1.69426
-1.43644
-8.05244
-8.07854
-8.12009
-8.02505
-7.75652
-7.35499
-6.95406
-6.48329
-5.94794
-5.40877
-4.86525
-4.32232
-3.79435
-3.29717
-2.83981
-2.42673
-2.06317
-1.74737
-1.47636
-8.08774
-8.12205
-8.1762
-8.15972
-8.00795
-7.69999
-7.28704
-6.82842
-6.27715
-5.69754
-5.12792
-4.54764
-3.98293
-3.45575
-2.96941
-2.5263
-2.13768
-1.80171
-1.51517
-8.11105
-8.1558
-8.21703
-8.24098
-8.17274
-7.97215
-7.61939
-7.1783
-6.65693
-6.03461
-5.41209
-4.81371
-4.19629
-3.62312
-3.10376
-2.62724
-2.21056
-1.84987
-1.54577
-8.12013
-8.1774
-8.24365
-8.28735
-8.26886
-8.14853
-7.88719
-7.4963
-6.9971
-6.41681
-5.74783
-5.07191
-4.43226
-3.80359
-3.23648
-2.71639
-2.27416
-1.88797
-1.56498
-8.11438
-8.18558
-8.25632
-8.30928
-8.31626
-8.24479
-8.05775
-7.73811
-7.28716
-6.72058
-6.09066
-5.39846
-4.66634
-4.006
-3.39485
-2.80672
-2.3239
-1.90222
-1.56786
-8.09452
-8.18002
-8.25587
-8.31297
-8.33128
-8.28573
-8.14553
-7.88826
-7.50078
-6.97716
-6.35597
-5.67812
-4.96562
-4.24337
-3.50524
-2.90447
-2.38259
-1.89949
-1.54349
-8.06277
-8.16174
-8.24384
-8.30298
-8.32477
-8.29051
-8.17526
-7.95817
-7.62322
-7.15593
-6.56571
-5.89294
-5.14818
-4.42135
-3.69824
-3.00449
-2.36894
-1.86844
-1.4788
-8.02273
-8.13342
-8.22264
-8.28352
-8.30454
-8.27272
-8.16812
-7.97164
-7.66868
-7.24508
-6.69721
-6.04761
-5.31293
-4.53977
-3.78568
-3.06786
-2.41322
-1.83142
-1.27897
-7.97891
-8.09918
-8.19523
-8.25857
-8.27754
-8.24296
-8.13977
-7.95125
-7.66367
-7.26482
-6.74907
-6.12779
-5.41626
-4.64325
-3.85966
-3.10017
-2.39258
-1.78092
-1.05532
-7.9359
-8.06369
-8.16533
-8.23182
-8.24969
-8.21056
-8.10364
-7.91439
-7.63145
-7.24361
-6.74494
-6.14301
-5.45072
-4.69186
-3.90495
-3.1303
-2.39007
-1.76255
-0.957766
-7.89797
-8.03167
-8.13743
-8.20662
-8.22498
-8.18258
-8.07112
-7.87679
-7.59067
-7.20425
-6.7122
-6.11997
-5.43875
-4.69091
-3.90988
-3.13339
-2.38441
-1.74991
-1.00096
-7.86956
-8.00752
-8.11597
-8.18666
-8.20579
-8.16226
-8.04867
-7.84967
-7.5541
-7.16413
-6.67455
-6.08487
-5.40788
-4.66529
-3.88899
-3.11461
-2.36855
-1.72309
-1.05452
-7.85441
-7.99467
-8.1044
-8.1756
-8.19464
-8.1489
-8.02819
-7.82359
-7.532
-7.15212
-6.65971
-6.06195
-5.38386
-4.64218
-3.86714
-3.09307
-2.34965
-1.69591
-1.07688
-7.85441
-7.99466
-8.1044
-8.1756
-8.19464
-8.14891
-8.02822
-7.82362
-7.53202
-7.15213
-6.65973
-6.062
-5.38392
-4.64225
-3.86721
-3.09313
-2.34971
-1.69597
-1.07693
-7.86955
-8.00751
-8.11596
-8.18665
-8.20579
-8.16227
-8.04872
-7.84972
-7.55416
-7.16421
-6.67463
-6.08499
-5.40804
-4.66546
-3.88916
-3.11475
-2.3687
-1.72325
-1.05467
-7.89796
-8.03165
-8.13741
-8.20659
-8.22497
-8.18259
-8.07116
-7.87685
-7.59076
-7.20436
-6.71234
-6.12013
-5.43895
-4.69112
-3.91008
-3.13356
-2.3846
-1.75012
-1.0012
-7.93587
-8.06365
-8.16529
-8.23178
-8.24966
-8.21056
-8.10368
-7.91446
-7.63156
-7.24373
-6.74507
-6.14316
-5.45091
-4.69206
-3.90511
-3.13045
-2.39023
-1.76269
-0.957947
-7.97887
-8.09912
-8.19517
-8.25851
-8.2775
-8.24295
-8.13979
-7.9513
-7.66375
-7.2649
-6.74915
-6.12789
-5.41638
-4.64331
-3.85967
-3.10019
-2.39263
-1.78091
-1.05511
-8.02267
-8.13335
-8.22255
-8.28343
-8.30447
-8.27268
-8.16812
-7.97166
-7.66872
-7.24509
-6.69721
-6.04758
-5.31289
-4.53952
-3.7855
-3.06776
-2.41326
-1.83147
-1.27888
-8.06268
-8.16164
-8.24372
-8.30287
-8.32467
-8.29045
-8.17522
-7.95814
-7.62318
-7.15584
-6.56558
-5.89274
-5.148
-4.42108
-3.69805
-3.00452
-2.36905
-1.86842
-1.47892
-8.09441
-8.17989
-8.25572
-8.31283
-8.33116
-8.28563
-8.14543
-7.88814
-7.50062
-6.97689
-6.35568
-5.67777
-4.96531
-4.24334
-3.50511
-2.90441
-2.3826
-1.89958
-1.54368
-8.11424
-8.18541
-8.25614
-8.3091
-8.3161
-8.24464
-8.05758
-7.73788
-7.2868
-6.72007
-6.09019
-5.39814
-4.66608
-4.0059
-3.3947
-2.80669
-2.32393
-1.9023
-1.56797
-8.11997
-8.17721
-8.24344
-8.28713
-8.26866
-8.14833
-7.88694
-7.49591
-6.99654
-6.41623
-5.74742
-5.07161
-4.432
-3.80351
-3.23638
-2.71636
-2.27418
-1.88805
-1.56507
-8.11086
-8.15559
-8.2168
-8.24073
-8.17248
-7.97186
-7.61896
-7.17774
-6.65632
-6.03409
-5.41171
-4.81343
-4.19607
-3.62301
-3.10366
-2.6272
-2.21057
-1.84992
-1.54583
-8.08754
-8.12181
-8.17595
-8.15943
-8.00762
-7.69954
-7.28646
-6.82778
-6.27654
-5.69706
-5.12757
-4.54738
-3.98272
-3.45563
-2.96932
-2.52626
-2.13769
-1.80174
-1.51521
-8.05222
-8.07829
-8.11981
-8.02471
-7.75605
-7.35435
-6.9534
-6.48263
-5.94738
-5.40834
-4.86493
-4.32207
-3.79417
-3.29705
-2.83974
-2.4267
-2.06318
-1.7474
-1.4764
-8.00871
-8.0265
-8.03046
-7.80175
-7.41819
-7.04416
-6.66721
-6.17671
-5.67229
-5.16508
-4.64278
-4.12317
-3.62203
-3.15277
-2.72272
-2.33508
-1.99278
-1.69428
-1.43647
-7.96169
-7.96395
-7.85789
-7.49737
-7.14412
-6.83828
-6.39009
-5.90793
-5.43698
-4.93643
-4.42813
-3.93089
-3.45557
-3.01181
-2.6058
-2.24044
-1.91753
-1.63501
-1.38958
-7.91762
-7.90484
-7.63085
-7.29661
-7.0369
-6.58865
-6.10466
-5.66004
-5.18079
-4.68318
-4.1904
-3.71276
-3.25924
-2.83827
-2.45521
-2.11196
-1.80934
-1.54493
-1.31879
-7.87362
-7.78582
-7.42361
-7.23381
-6.84928
-6.31448
-5.88775
-5.43281
-4.9496
-4.46197
-3.9838
-3.52299
-3.08846
-2.68729
-2.32384
-1.99923
-1.71363
-1.46561
-1.25747
-2.18715
-3.32016
-4.44252
-5.51222
-6.51902
-7.4473
-8.29093
-9.02541
-9.63637
-10.1496
-10.5584
-10.8428
-11.0071
-11.066
-11.0151
-10.8359
-10.5215
-10.1137
-9.58608
-9.03601
-8.51873
-8.15766
-8.09887
-8.23371
-8.29077
-8.06084
-7.66312
-7.49982
-7.62047
-7.67096
-7.54318
-7.64812
-7.77866
-7.82596
-0.200956
-1.09263
-1.98978
-2.84687
-3.66538
-4.45574
-5.19905
-5.87199
-6.46961
-6.97776
-7.38818
-7.69732
-7.8988
-8.03426
-8.11716
-8.11999
-8.03795
-7.88978
-7.70387
-7.52329
-7.38487
-7.29723
-7.24156
-7.20042
-7.17594
-7.22441
-7.37907
-7.50082
-7.52156
-7.47888
-7.38929
-7.41775
-7.4632
-7.51433
0.303155
-0.468872
-1.26752
-2.04235
-2.79999
-3.54211
-4.25619
-4.92719
-5.53171
-6.07011
-6.54302
-6.94376
-7.2457
-7.45535
-7.58383
-7.63029
-7.60081
-7.51381
-7.39366
-7.26306
-7.1409
-7.04154
-6.96895
-6.93644
-6.94133
-6.95611
-6.94049
-6.93445
-7.03689
-7.21092
-7.27783
-7.23859
-7.18992
-7.06307
0.933119
0.320143
-0.325957
-0.958129
-1.58395
-2.20855
-2.82381
-3.40362
-3.95027
-4.46032
-4.92619
-5.32892
-5.66367
-5.93839
-6.15313
-6.30824
-6.40839
-6.46297
-6.48402
-6.48465
-6.47761
-6.47384
-6.48122
-6.50129
-6.52665
-6.54726
-6.57152
-6.6089
-6.6405
-6.65013
-6.68572
-6.81047
-6.96525
-6.96652
1.12856
0.615213
0.0653545
-0.484326
-1.03901
-1.60286
-2.16748
-2.71987
-3.25133
-3.7441
-4.19297
-4.58688
-4.93632
-5.23499
-5.47568
-5.6597
-5.79316
-5.88418
-5.9427
-5.97974
-6.00568
-6.02837
-6.05245
-6.07917
-6.10879
-6.14217
-6.18229
-6.22788
-6.27287
-6.32149
-6.37764
-6.42591
-6.485
-6.58845
1.28954
0.87598
0.427094
-0.0285981
-0.494899
-0.975042
-1.46262
-1.94815
-2.42256
-2.87996
-3.30522
-3.69862
-4.05824
-4.37585
-4.64679
-4.87174
-5.05409
-5.1987
-5.31195
-5.40116
-5.47349
-5.53488
-5.58972
-5.64108
-5.69106
-5.74089
-5.79108
-5.8423
-5.89611
-5.9542
-6.01668
-6.07982
-6.15461
-6.2159
1.31638
0.974066
0.598542
0.209583
-0.195122
-0.617376
-1.05179
-1.49031
-1.92513
-2.34888
-2.75389
-3.1339
-3.48333
-3.79756
-4.0737
-4.31104
-4.51102
-4.67692
-4.81342
-4.92603
-5.02028
-5.10108
-5.1724
-5.23715
-5.29732
-5.35422
-5.40897
-5.46267
-5.51622
-5.56984
-5.62448
-5.67962
-5.73907
-5.7943
1.31109
1.03152
0.721979
0.395763
0.0515368
-0.31169
-0.690058
-1.07765
-1.46825
-1.85548
-2.23261
-2.593
-2.93103
-3.24217
-3.52288
-3.77118
-3.98702
-4.17215
-4.32962
-4.46329
-4.57731
-4.67557
-4.7614
-4.83747
-4.90584
-4.96811
-5.02562
-5.07931
-5.12988
-5.17761
-5.22325
-5.26572
-5.30905
-5.34481
1.26257
1.0311
0.772872
0.495677
0.198995
-0.117391
-0.450479
-0.795584
-1.1475
-1.50066
-1.84911
-2.18682
-2.5082
-2.80846
-3.08383
-3.3319
-3.55184
-3.74432
-3.91119
-4.05513
-4.1792
-4.28644
-4.3796
-4.46103
-4.53263
-4.59591
-4.652
-4.70174
-4.74573
-4.78414
-4.81757
-4.84445
-4.8694
-4.8815
1.19989
1.00864
0.793864
0.559372
0.305168
0.0314733
-0.25963
-0.564759
-0.879765
-1.19986
-1.51977
-1.834
-2.13719
-2.42449
-2.69196
-2.93672
-3.15721
-3.35316
-3.52539
-3.67559
-3.8059
-3.91862
-4.01595
-4.09984
-4.17195
-4.23356
-4.2857
-4.32905
-4.36414
-4.39102
-4.41021
-4.42018
-4.42557
-4.41628
1.12507
0.965718
0.785789
0.586052
0.366879
0.128819
-0.126657
-0.397059
-0.679044
-0.96854
-1.26094
-1.55129
-1.83462
-2.10625
-2.36213
-2.5991
-2.8151
-3.00918
-3.18141
-3.33264
-3.4643
-3.57801
-3.67548
-3.75824
-3.82765
-3.88481
-3.93055
-3.96547
-3.99001
-4.00425
-4.0087
-4.00213
-3.9889
-3.96069
1.04751
0.91437
0.763341
0.593084
0.404177
0.19733
-0.0265261
-0.265685
-0.517521
-0.778598
-1.0449
-1.31202
-1.57537
-1.83046
-2.07324
-2.30038
-2.50942
-2.69888
-2.86818
-3.01752
-3.14766
-3.25968
-3.35478
-3.43415
-3.49886
-3.54983
-3.58777
-3.61323
-3.62664
-3.62815
-3.61835
-3.59634
-3.56608
-3.52114
0.969375
0.857425
0.729925
0.584106
0.420644
0.240335
0.043727
-0.168042
-0.392927
-0.62805
-0.869943
-1.11469
-1.35809
-1.59591
-1.8242
-2.03952
-2.23918
-2.4213
-2.58482
-2.72943
-2.85535
-2.96317
-3.0537
-3.12779
-3.18628
-3.22989
-3.25926
-3.27491
-3.27731
-3.26675
-3.24388
-3.20822
-3.16338
-3.10484
0.893799
0.799252
0.691215
0.566041
0.424381
0.267033
0.094262
-0.0932394
-0.293907
-0.505357
-0.724618
-0.948243
-1.17242
-1.39319
-1.6067
-1.8095
-1.9987
-2.17211
-2.32829
-2.46646
-2.58642
-2.68835
-2.77273
-2.84015
-2.89127
-2.92673
-2.94715
-2.95308
-2.94509
-2.92364
-2.88954
-2.84271
-2.78648
-2.71806
0.821984
0.741485
0.649415
0.541584
0.418503
0.280899
0.128824
-0.0373485
-0.216398
-0.406321
-0.604558
-0.808073
-1.01343
-1.21698
-1.41506
-1.6043
-1.78173
-1.94502
-2.09242
-2.22283
-2.33568
-2.43084
-2.50846
-2.56889
-2.61264
-2.64024
-2.65232
-2.64949
-2.63246
-2.60192
-2.55885
-2.50365
-2.43944
-2.36499
0.755404
0.686166
0.607168
0.51377
0.406484
0.285982
0.152031
0.0046414
-0.155304
-0.326144
-0.505664
-0.691156
-0.879466
-1.06715
-1.25068
-1.42672
-1.59226
-1.7448
-1.88241
-2.00378
-2.1081
-2.19498
-2.26442
-2.31669
-2.35227
-2.37174
-2.37578
-2.36513
-2.34063
-2.30316
-2.25383
-2.19336
-2.12453
-2.04739
0.69292
0.634133
0.566404
0.484904
0.390755
0.28489
0.166966
0.0367487
-0.105177
-0.257521
-0.418491
-0.585806
-0.756715
-0.928118
-1.09675
-1.2594
-1.41308
-1.55521
-1.68367
-1.79691
-1.89387
-1.97387
-2.0366
-2.08219
-2.11104
-2.12373
-2.12102
-2.10378
-2.07308
-2.03008
-1.97616
-1.91253
-1.84181
-1.7652
0.627895
0.581642
0.525409
0.455158
0.372449
0.278313
0.172586
0.0552061
-0.0732037
-0.211431
-0.357807
-0.510209
-0.666076
-0.822512
-0.97646
-1.12488
-1.26496
-1.39421
-1.51063
-1.61267
-1.6992
-1.7693
-1.82289
-1.86031
-1.88198
-1.88849
-1.88067
-1.85947
-1.82602
-1.78146
-1.7271
-1.66409
-1.59445
-1.52017
0.563024
0.526448
0.48173
0.425164
0.357208
0.278153
0.187859
0.086299
-0.0261631
-0.148648
-0.279797
-0.417757
-0.560201
-0.704405
-0.847385
-0.986083
-1.11755
-1.23916
-1.34876
-1.44506
-1.52696
-1.59123
-1.63841
-1.6694
-1.68463
-1.68466
-1.67045
-1.64327
-1.60458
-1.55602
-1.49945
-1.43692
-1.3711
-1.3054
-7.63113
-9.32639
-10.9613
-12.5205
-13.9748
-15.2928
-16.4509
-17.4231
-18.1855
-18.7133
-18.9957
-19.0408
-18.8478
-18.3966
-17.65
-16.5856
-15.2188
-13.5701
-11.758
-9.89569
-8.32678
-7.4442
-7.26375
-7.44408
-7.6843
-7.89078
-8.08068
-8.2027
-8.19548
-8.0513
-7.97102
-7.95959
-7.96233
-7.97735
-2.99849
-4.24244
-5.45696
-6.62192
-7.69502
-8.65449
-9.49196
-10.1934
-10.741
-11.1464
-11.3881
-11.4081
-11.2539
-11.0241
-10.6681
-10.1064
-9.42306
-8.76794
-8.17968
-7.60432
-6.9808
-6.55189
-6.59187
-7.07031
-7.77481
-8.11581
-7.71742
-7.48406
-7.63169
-7.7637
-7.81217
-7.83738
-7.83547
-7.84805
-7.63099
-9.32624
-10.9611
-12.5203
-13.9746
-15.2926
-16.4507
-17.423
-18.1853
-18.7132
-18.9955
-19.0407
-18.8477
-18.3965
-17.6499
-16.5856
-15.2188
-13.57
-11.758
-9.89567
-8.32672
-7.44409
-7.2636
-7.44392
-7.68414
-7.89062
-8.08052
-8.20254
-8.19533
-8.05116
-7.97087
-7.95943
-7.96216
-7.97717
-2.99839
-4.24233
-5.45685
-6.62181
-7.6949
-8.65438
-9.49184
-10.1933
-10.7409
-11.1463
-11.388
-11.408
-11.2538
-11.024
-10.668
-10.1064
-9.42298
-8.76785
-8.17959
-7.60424
-6.98071
-6.55177
-6.59172
-7.07013
-7.77462
-8.11567
-7.71733
-7.48393
-7.63154
-7.76356
-7.81202
-7.83723
-7.83531
-7.84788
-2.18705
-3.32006
-4.44241
-5.51211
-6.51891
-7.44719
-8.29082
-9.0253
-9.63626
-10.1494
-10.5582
-10.8426
-11.007
-11.0659
-11.015
-10.8358
-10.5214
-10.1136
-9.58598
-9.03591
-8.51862
-8.15753
-8.09872
-8.23355
-8.29064
-8.06073
-7.66302
-7.4997
-7.62033
-7.67082
-7.54304
-7.64794
-7.77847
-7.82576
-0.20088
-1.09255
-1.9897
-2.84678
-3.66529
-4.45565
-5.19895
-5.87189
-6.46952
-6.97766
-7.38808
-7.69722
-7.89869
-8.03415
-8.11705
-8.11988
-8.03784
-7.88967
-7.70375
-7.52316
-7.38473
-7.29708
-7.24142
-7.20027
-7.17578
-7.22423
-7.37888
-7.50064
-7.5214
-7.47872
-7.38912
-7.41757
-7.46301
-7.51409
0.303225
-0.468798
-1.26744
-2.04227
-2.7999
-3.54202
-4.2561
-4.92709
-5.53161
-6.07001
-6.54292
-6.94365
-7.2456
-7.45524
-7.58372
-7.63018
-7.6007
-7.5137
-7.39353
-7.26294
-7.14077
-7.0414
-6.9688
-6.93627
-6.94115
-6.95593
-6.94031
-6.93425
-7.03666
-7.21068
-7.2776
-7.23836
-7.18969
-7.0628
0.93318
0.320207
-0.325889
-0.958057
-1.58387
-2.20847
-2.82372
-3.40353
-3.95018
-4.46023
-4.92609
-5.32882
-5.66357
-5.93828
-6.15302
-6.30812
-6.40827
-6.46284
-6.48389
-6.48451
-6.47747
-6.47368
-6.48105
-6.50111
-6.52646
-6.54705
-6.5713
-6.60866
-6.64025
-6.64986
-6.68541
-6.81012
-6.96487
-6.96615
1.12861
0.615273
0.0654185
-0.484258
-1.03894
-1.60279
-2.1674
-2.71979
-3.25124
-3.74401
-4.19287
-4.58678
-4.93622
-5.23488
-5.47557
-5.65959
-5.79304
-5.88405
-5.94257
-5.97959
-6.00552
-6.02821
-6.05227
-6.07898
-6.10858
-6.14195
-6.18206
-6.22762
-6.27259
-6.32117
-6.3773
-6.42554
-6.48456
-6.58793
1.28959
0.876035
0.427152
-0.0285362
-0.494833
-0.974973
-1.46255
-1.94807
-2.42248
-2.87988
-3.30513
-3.69852
-4.05814
-4.37575
-4.64668
-4.87163
-5.05397
-5.19857
-5.31181
-5.40102
-5.47333
-5.53471
-5.58954
-5.64088
-5.69085
-5.74066
-5.79083
-5.84203
-5.89581
-5.95388
-6.01633
-6.07943
-6.15419
-6.21544
1.31642
0.974117
0.598597
0.209641
-0.19506
-0.617311
-1.05172
-1.49024
-1.92505
-2.3488
-2.75381
-3.13381
-3.48323
-3.79746
-4.07359
-4.31092
-4.5109
-4.67679
-4.81329
-4.92589
-5.02012
-5.10091
-5.17222
-5.23696
-5.2971
-5.35398
-5.40872
-5.46239
-5.51592
-5.56952
-5.62412
-5.67923
-5.73865
-5.79385
1.31113
1.03156
0.72203
0.395817
0.051594
-0.311629
-0.689993
-1.07758
-1.46818
-1.8554
-2.23253
-2.59292
-2.93094
-3.24207
-3.52278
-3.77106
-3.9869
-4.17202
-4.32948
-4.46315
-4.57715
-4.6754
-4.76122
-4.83727
-4.90562
-4.96789
-5.02537
-5.07904
-5.12959
-5.1773
-5.22291
-5.26536
-5.30867
-5.34442
1.26261
1.03114
0.77292
0.495727
0.199049
-0.117334
-0.450418
-0.795519
-1.14744
-1.50059
-1.84904
-2.18674
-2.50811
-2.80837
-3.08373
-3.3318
-3.55173
-3.7442
-3.91106
-4.05499
-4.17905
-4.28627
-4.37943
-4.46084
-4.53243
-4.59569
-4.65177
-4.70149
-4.74546
-4.78385
-4.81727
-4.84413
-4.86907
-4.88116
1.19993
1.00868
0.793909
0.559419
0.305218
0.0315267
-0.259573
-0.564699
-0.879701
-1.19979
-1.5197
-1.83392
-2.1371
-2.42441
-2.69186
-2.93662
-3.1571
-3.35304
-3.52527
-3.67546
-3.80576
-3.91846
-4.01578
-4.09966
-4.17175
-4.23336
-4.28548
-4.32882
-4.36389
-4.39076
-4.40995
-4.41991
-4.4253
-4.416
1.12511
0.965756
0.78583
0.586096
0.366926
0.128869
-0.126604
-0.397003
-0.678984
-0.968476
-1.26087
-1.55122
-1.83454
-2.10617
-2.36203
-2.599
-2.815
-3.00907
-3.18129
-3.33252
-3.46416
-3.57787
-3.67532
-3.75807
-3.82748
-3.88462
-3.93035
-3.96526
-3.9898
-4.00403
-4.00848
-4.00191
-3.98868
-3.96047
1.04754
0.914405
0.763379
0.593125
0.40422
0.197377
-0.0264764
-0.265632
-0.517464
-0.778537
-1.04484
-1.31195
-1.57529
-1.83038
-2.07316
-2.30029
-2.50933
-2.69877
-2.86807
-3.0174
-3.14753
-3.25954
-3.35463
-3.434
-3.4987
-3.54966
-3.5876
-3.61305
-3.62645
-3.62797
-3.61817
-3.59616
-3.5659
-3.52097
0.969405
0.857457
0.72996
0.584144
0.420685
0.240378
0.0437732
-0.167992
-0.392874
-0.627994
-0.869882
-1.11462
-1.35802
-1.59584
-1.82412
-2.03944
-2.23909
-2.4212
-2.58472
-2.72932
-2.85523
-2.96304
-3.05357
-3.12766
-3.18613
-3.22974
-3.25911
-3.27476
-3.27716
-3.2666
-3.24373
-3.20808
-3.16325
-3.10471
0.893827
0.799282
0.691247
0.566076
0.424418
0.267073
0.0943045
-0.0931938
-0.293858
-0.505304
-0.724562
-0.948183
-1.17236
-1.39312
-1.60663
-1.80942
-1.99862
-2.17202
-2.3282
-2.46636
-2.58631
-2.68824
-2.77261
-2.84003
-2.89115
-2.92661
-2.94702
-2.95295
-2.94496
-2.92352
-2.88942
-2.8426
-2.78638
-2.71797
0.82201
0.741513
0.649445
0.541616
0.418537
0.280935
0.128863
-0.0373067
-0.216353
-0.406273
-0.604506
-0.808017
-1.01337
-1.21691
-1.41499
-1.60422
-1.78166
-1.94493
-2.09233
-2.22274
-2.33559
-2.43074
-2.50836
-2.56879
-2.61253
-2.64014
-2.65221
-2.64939
-2.63236
-2.60182
-2.55876
-2.50358
-2.43937
-2.36493
0.755427
0.686192
0.607195
0.513799
0.406515
0.286015
0.152067
0.00467947
-0.155263
-0.3261
-0.505617
-0.691105
-0.879411
-1.06709
-1.25062
-1.42666
-1.59219
-1.74472
-1.88234
-2.0037
-2.10801
-2.1949
-2.26433
-2.3166
-2.35218
-2.37166
-2.3757
-2.36505
-2.34056
-2.30309
-2.25377
-2.19331
-2.1245
-2.04736
0.692941
0.634157
0.56643
0.484931
0.390784
0.284921
0.166998
0.0367832
-0.10514
-0.257481
-0.418448
-0.58576
-0.756666
-0.928065
-1.0967
-1.25934
-1.41302
-1.55514
-1.6836
-1.79684
-1.89379
-1.9738
-2.03653
-2.08211
-2.11096
-2.12366
-2.12095
-2.10372
-2.07303
-2.03003
-1.97613
-1.9125
-1.8418
-1.76519
0.627913
0.581662
0.525432
0.455183
0.372475
0.27834
0.172616
0.0552373
-0.0731702
-0.211394
-0.357767
-0.510167
-0.666031
-0.822465
-0.97641
-1.12483
-1.2649
-1.39415
-1.51057
-1.61261
-1.69914
-1.76923
-1.82283
-1.86025
-1.88192
-1.88844
-1.88062
-1.85943
-1.82598
-1.78143
-1.72708
-1.66408
-1.59445
-1.52018
0.563039
0.526466
0.481749
0.425185
0.357232
0.278178
0.187885
0.0863268
-0.0261333
-0.148616
-0.279762
-0.41772
-0.560162
-0.704363
-0.847341
-0.986037
-1.1175
-1.23911
-1.34871
-1.44501
-1.52691
-1.59118
-1.63836
-1.66935
-1.68458
-1.68462
-1.67042
-1.64324
-1.60456
-1.55601
-1.49944
-1.43692
-1.37111
-1.30542
-0.999556
-0.759902
-0.555499
-0.389165
-0.269399
-0.18448
-0.123467
-0.0803783
-0.0508603
-0.0307845
-0.0171301
-0.00798933
-0.0020696
0.00165756
0.00398968
0.00530934
0.00589945
0.00605211
0.00591791
0.00557708
0.00508014
0.00445718
0.00375442
0.00290887
0.00200211
0.000778957
-1.03662
-0.765275
-0.543471
-0.368495
-0.247042
-0.163574
-0.10442
-0.0634705
-0.036308
-0.0184586
-0.00674556
0.000737636
0.00526304
0.00780839
0.00911733
0.00958636
0.00948186
0.00903283
0.00837349
0.00757964
0.00668392
0.00570106
0.00468099
0.00350869
0.00234767
0.000690773
-1.06901
-0.762744
-0.523051
-0.342429
-0.22158
-0.140316
-0.0834161
-0.0450863
-0.020634
-0.00519986
0.0044526
0.0101923
0.0132568
0.0145731
0.0148273
0.0144223
0.013589
0.0125037
0.0113061
0.010046
0.00873499
0.00737468
0.0060248
0.00451312
0.00306298
0.000907118
-1.09481
-0.753773
-0.495752
-0.311885
-0.193391
-0.114827
-0.0606923
-0.0256031
-0.00428539
0.00846919
0.0158499
0.0196897
0.0211722
0.0211742
0.0203305
0.019001
0.0174028
0.0156741
0.0139362
0.0122102
0.0104885
0.00875823
0.00709122
0.00522979
0.00357202
0.000707581
-1.11645
-0.738325
-0.460864
-0.276088
-0.161912
-0.086811
-0.036164
-0.00501783
0.0127617
0.0226105
0.0275718
0.0294015
0.0292822
0.0279567
0.0259592
0.023715
0.0213753
0.0190124
0.0167293
0.0145306
0.0123941
0.0103048
0.00836704
0.0061603
0.00452908
0.000492473
-1.13316
-0.714144
-0.416888
-0.23449
-0.126982
-0.0561979
-0.00979824
0.0167106
0.0305467
0.037225
0.0395363
0.0392757
0.0375288
0.0347693
0.0315652
0.0283798
0.0252724
0.0222789
0.0194856
0.0168252
0.0142364
0.0117091
0.00945316
0.00691056
0.00538342
-0.000229215
-1.14245
-0.679504
-0.362915
-0.187019
-0.0887076
-0.0231885
0.0180985
0.0393591
0.0490027
0.0522286
0.0517479
0.0493136
0.0457916
0.0415794
0.0372013
0.0330844
0.0291315
0.0254125
0.0221134
0.0191075
0.0162233
0.013419
0.0107362
0.00796089
0.00673943
-0.00111468
-1.14124
-0.632716
-0.298343
-0.133366
-0.0463481
0.0128272
0.0476371
0.0627591
0.0679439
0.0675435
0.0642074
0.0595396
0.0540903
0.0482939
0.0427682
0.037899
0.0333351
0.0288778
0.0249082
0.0212977
0.0181855
0.0152687
0.0121536
0.00898408
0.00787051
-0.0018383
-1.1276
-0.570003
-0.223273
-0.0751749
-0.000691868
0.0517583
0.0791727
0.0872655
0.0874146
0.082913
0.0765444
0.0699025
0.0627744
0.0552873
0.0483652
0.0426435
0.0375532
0.0324618
0.0276483
0.0230975
0.0192959
0.0158483
0.0124128
0.00906385
0.00794498
-0.00158115
-1.10839
-0.48351
-0.133174
-0.0115042
0.0478573
0.0914412
0.110971
0.112959
0.108097
0.0992755
0.0891917
0.08017
0.0714953
0.0622694
0.0535272
0.0461058
0.0397629
0.0340717
0.0289298
0.0243203
0.020371
0.0167232
0.0130648
0.00958379
0.00769141
-0.000158332
-1.09731
-0.376018
-0.0278555
0.0614672
0.104907
0.1368
0.144928
0.139354
0.129197
0.115555
0.100719
0.0876821
0.0763974
0.0659395
0.0566795
0.0489001
0.0422247
0.0362076
0.0307352
0.02582
0.0214786
0.0175103
0.0135028
0.00995034
0.00676529
0.00213355
-1.05008
-0.242922
0.0861473
0.138652
0.164695
0.182128
0.176085
0.159384
0.142116
0.124914
0.108336
0.0939694
0.0815605
0.070281
0.0602854
0.0517798
0.0444767
0.0379853
0.0321592
0.0269604
0.0223174
0.018123
0.0137777
0.0102938
0.00496407
0.00539732
-0.936174
-0.105631
0.179142
0.197843
0.208463
0.213346
0.197995
0.175429
0.154214
0.134347
0.115828
0.0997632
0.0859906
0.0737799
0.0630844
0.0539876
0.0462118
0.0393791
0.0332968
0.0278867
0.0230134
0.0186441
0.0139711
0.0106233
0.00294572
0.00892953
-0.78936
-0.0184931
0.229848
0.240053
0.242675
0.237893
0.215638
0.188584
0.164026
0.141749
0.121528
0.104116
0.0893266
0.0764401
0.0652489
0.0557293
0.0476038
0.0405083
0.034222
0.0286433
0.023587
0.0190823
0.0141185
0.0109053
0.00150758
0.0119497
-0.659503
0.0224457
0.256674
0.27193
0.268344
0.255811
0.228531
0.198154
0.171119
0.147108
0.125699
0.10736
0.0918544
0.0784739
0.0669151
0.0570811
0.048693
0.0413968
0.0349533
0.0292455
0.0240503
0.0194462
0.0142481
0.01117
0.000367901
0.0144535
-0.569545
0.0412391
0.273346
0.293673
0.28504
0.26745
0.237079
0.204573
0.175932
0.15079
0.128595
0.109635
0.0936424
0.0799171
0.0681007
0.058049
0.0494796
0.0420435
0.0354898
0.0296913
0.0243997
0.0197281
0.014364
0.0113904
-0.000443823
0.0162944
-0.526394
0.0501
0.282594
0.304844
0.293385
0.273375
0.241512
0.207929
0.178468
0.152742
0.130135
0.110851
0.0946034
0.0806955
0.0687421
0.0585754
0.0499105
0.0424001
0.0357873
0.0299402
0.0245979
0.0198907
0.0144399
0.0115207
-0.000858049
0.0172703
-0.526448
0.0500621
0.282559
0.30482
0.293373
0.273369
0.241506
0.207924
0.178463
0.152738
0.130131
0.110849
0.0946026
0.0806952
0.068742
0.0585753
0.0499105
0.0423999
0.035787
0.0299401
0.024598
0.0198909
0.0144401
0.011521
-0.000858028
0.017271
-0.569705
0.0411319
0.273245
0.293602
0.285004
0.267431
0.237063
0.204558
0.175918
0.150777
0.128585
0.109629
0.0936402
0.0799162
0.0681004
0.0580487
0.0494795
0.0420429
0.0354889
0.0296908
0.0243998
0.0197287
0.0143647
0.0113914
-0.000443803
0.0162965
-0.659748
0.0222837
0.256518
0.271819
0.268287
0.255777
0.228501
0.198127
0.171096
0.147086
0.125682
0.10735
0.0918508
0.0784722
0.0669143
0.0570804
0.0486926
0.0413955
0.0349516
0.0292445
0.0240504
0.0194472
0.0142492
0.0111716
0.000367884
0.0144569
-0.789615
-0.0186849
0.229649
0.239905
0.242594
0.237843
0.215592
0.188544
0.163993
0.141719
0.121505
0.104104
0.0893222
0.0764376
0.0652472
0.0557276
0.0476028
0.0405061
0.0342194
0.0286418
0.0235871
0.0190836
0.0141199
0.0109074
0.00150742
0.0119542
-0.936339
-0.105805
0.178947
0.19767
0.208354
0.213269
0.197924
0.175373
0.154171
0.13431
0.115803
0.0997517
0.0859868
0.0737767
0.0630813
0.0539844
0.0462099
0.0393756
0.0332931
0.0278847
0.0230137
0.0186459
0.0139728
0.0106259
0.00294471
0.00893559
-1.05035
-0.243086
0.0860643
0.138536
0.164589
0.182027
0.175983
0.159306
0.14206
0.124868
0.108308
0.0939595
0.0815579
0.0702763
0.0602799
0.0517741
0.0444739
0.0379804
0.0321547
0.0269582
0.0223182
0.0181254
0.01378
0.0102969
0.00496281
0.00540419
-1.09767
-0.376163
-0.0278797
0.0613731
0.104793
0.136698
0.144842
0.139309
0.129168
0.115522
0.100695
0.0876724
0.0763911
0.065928
0.0566678
0.0488896
0.0422208
0.0362013
0.0307303
0.0258183
0.0214806
0.0175138
0.0135057
0.0099538
0.00676557
0.00213927
-1.10858
-0.483568
-0.133189
-0.0115998
0.0477321
0.0913309
0.110888
0.112909
0.108061
0.0992462
0.0891787
0.0801725
0.0714964
0.0622587
0.0535129
0.0460903
0.0397575
0.0340642
0.0289249
0.0243193
0.0203747
0.016728
0.0130684
0.00958776
0.00769315
-0.000154225
-1.12768
-0.57006
-0.223322
-0.0752722
-0.000805265
0.0516606
0.0790959
0.0872086
0.0873712
0.0828807
0.0765282
0.0698983
0.0627689
0.0552762
0.0483542
0.0426378
0.0375503
0.0324571
0.0276452
0.0230961
0.0192993
0.0158526
0.0124156
0.00906751
0.00794727
-0.00157872
-1.14131
-0.63279
-0.298403
-0.133448
-0.0464444
0.0127386
0.0475627
0.0626997
0.0678988
0.0675117
0.0641886
0.0595302
0.0540823
0.0482838
0.0427583
0.0378952
0.033326
0.0288711
0.0249058
0.0212997
0.018192
0.0152762
0.0121586
0.00898908
0.00787407
-0.00183801
-1.14251
-0.679572
-0.362972
-0.18709
-0.0887925
-0.0232698
0.0180288
0.0393027
0.048959
0.0521966
0.051727
0.0493019
0.0457835
0.0415703
0.0371916
0.0330774
0.0291213
0.0254055
0.0221109
0.0191103
0.016228
0.0134244
0.0107418
0.00796645
0.00674522
-0.00111374
-1.13321
-0.714209
-0.416948
-0.234558
-0.12706
-0.0562733
-0.00986405
0.0166559
0.0305029
0.037192
0.0395139
0.0392624
0.0375198
0.0347602
0.0315556
0.028372
0.0252637
0.0222726
0.0194833
0.0168274
0.0142399
0.011713
0.00945852
0.00691549
0.00538781
-0.000228272
-1.1165
-0.738386
-0.460923
-0.27615
-0.161981
-0.0868793
-0.0362252
-0.00507018
0.0127189
0.0225775
0.0275489
0.0293872
0.0292724
0.0279477
0.0259499
0.0237069
0.0213671
0.0190059
0.0167263
0.0145316
0.0123968
0.0103085
0.00837179
0.00616448
0.00453184
0.000493815
-1.09485
-0.75383
-0.495809
-0.311943
-0.193454
-0.11489
-0.0607503
-0.0256539
-0.00432787
0.00843577
0.0158258
0.019674
0.0211613
0.0211647
0.0203212
0.0189926
0.0173946
0.0156674
0.0139326
0.0122103
0.0104907
0.00876149
0.00709526
0.00523363
0.00357351
0.000709167
-1.06905
-0.762797
-0.523106
-0.342483
-0.221638
-0.140374
-0.0834704
-0.0451347
-0.0206753
-0.00523301
0.00442818
0.0101758
0.0132453
0.0145635
0.0148182
0.014414
0.0135811
0.0124971
0.0113023
0.0100454
0.00873665
0.00737749
0.00602837
0.0045165
0.00306539
0.000907971
-1.03665
-0.765324
-0.543522
-0.368546
-0.247096
-0.163627
-0.104471
-0.0635169
-0.0363484
-0.0184916
-0.00677044
0.000720227
0.0052507
0.00779835
0.00910807
0.00957785
0.00947396
0.00902618
0.00836925
0.00757833
0.00668482
0.00570321
0.00468394
0.00351143
0.00235098
0.000690828
-0.99959
-0.759947
-0.555548
-0.389213
-0.269449
-0.18453
-0.123515
-0.0804227
-0.0508995
-0.030817
-0.0171551
-0.00800735
-0.0020826
0.00164711
0.00398034
0.00530085
0.00589166
0.00604553
0.0059135
0.0055753
0.00508048
0.00445885
0.00375688
0.00291139
0.00200459
0.000779092
)
;

boundaryField
{
    sides
    {
        type            empty;
    }
    inlet
    {
        type            zeroGradient;
    }
    topBot
    {
        type            zeroGradient;
    }
    outlet
    {
        type            fixedValue;
        value           uniform 0;
    }
    wall
    {
        type            zeroGradient;
    }
}


// ************************************************************************* //
