/*--------------------------------*- C++ -*----------------------------------*\
| =========                 |                                                 |
| \\      /  F ield         | OpenFOAM: The Open Source CFD Toolbox           |
|  \\    /   O peration     | Version:  2412                                  |
|   \\  /    A nd           | Website:  www.openfoam.com                      |
|    \\/     M anipulation  |                                                 |
\*---------------------------------------------------------------------------*/
FoamFile
{
    version     2.0;
    format      ascii;
    arch        "LSB;label=32;scalar=64";
    note        "nPoints:8008  nCells:3849  nFaces:15551  nInternalFaces:7543";
    class       labelList;
    location    "constant/polyMesh";
    object      neighbour;
}
// * * * * * * * * * * * * * * * * * * * * * * * * * * * * * * * * * * * * * //


7543
(
1
7
1092
2
8
1093
3
9
1094
4
10
1095
5
11
1096
6
12
1097
13
49
1098
8
14
9
15
10
16
11
17
12
18
13
19
20
74
15
21
16
22
17
23
18
24
19
25
20
26
27
99
22
28
23
29
24
30
25
31
26
32
27
33
34
124
29
35
30
36
31
37
32
38
33
39
34
40
41
149
36
42
37
43
38
44
39
45
40
46
41
47
48
174
43
44
45
46
47
48
199
50
74
2974
51
75
2975
52
76
2976
53
77
2977
54
78
2978
55
79
2979
56
80
2980
57
81
2981
58
82
2982
59
83
2983
60
84
2984
61
85
2985
62
86
2986
63
87
2987
64
88
2988
65
89
2989
66
90
2990
67
91
2991
68
92
2992
69
93
2993
70
94
2994
71
95
2995
72
96
2996
73
97
2997
98
224
2998
75
99
76
100
77
101
78
102
79
103
80
104
81
105
82
106
83
107
84
108
85
109
86
110
87
111
88
112
89
113
90
114
91
115
92
116
93
117
94
118
95
119
96
120
97
121
98
122
123
258
100
124
101
125
102
126
103
127
104
128
105
129
106
130
107
131
108
132
109
133
110
134
111
135
112
136
113
137
114
138
115
139
116
140
117
141
118
142
119
143
120
144
121
145
122
146
123
147
148
292
125
149
126
150
127
151
128
152
129
153
130
154
131
155
132
156
133
157
134
158
135
159
136
160
137
161
138
162
139
163
140
164
141
165
142
166
143
167
144
168
145
169
146
170
147
171
148
172
173
326
150
174
151
175
152
176
153
177
154
178
155
179
156
180
157
181
158
182
159
183
160
184
161
185
162
186
163
187
164
188
165
189
166
190
167
191
168
192
169
193
170
194
171
195
172
196
173
197
198
360
175
199
176
200
177
201
178
202
179
203
180
204
181
205
182
206
183
207
184
208
185
209
186
210
187
211
188
212
189
213
190
214
191
215
192
216
193
217
194
218
195
219
196
220
197
221
198
222
223
394
200
201
202
203
204
205
206
207
208
209
210
211
212
213
214
215
216
217
218
219
220
221
222
223
428
225
258
3815
226
259
3816
227
260
3817
228
261
3818
229
262
3819
230
263
3820
231
264
3821
232
265
3822
233
266
3823
234
267
3824
235
268
3825
236
269
3826
237
270
3827
238
271
3828
239
272
3829
240
273
3830
241
274
3831
242
275
3832
243
276
3833
244
277
3834
245
278
3835
246
279
3836
247
280
3837
248
281
3838
249
282
3839
250
283
3840
251
284
3841
252
285
3842
253
286
3843
254
287
3844
255
288
3845
256
289
3846
257
290
3847
291
3848
259
292
260
293
261
294
262
295
263
296
264
297
265
298
266
299
267
300
268
301
269
302
270
303
271
304
272
305
273
306
274
307
275
308
276
309
277
310
278
311
279
312
280
313
281
314
282
315
283
316
284
317
285
318
286
319
287
320
288
321
289
322
290
323
291
324
325
293
326
294
327
295
328
296
329
297
330
298
331
299
332
300
333
301
334
302
335
303
336
304
337
305
338
306
339
307
340
308
341
309
342
310
343
311
344
312
345
313
346
314
347
315
348
316
349
317
350
318
351
319
352
320
353
321
354
322
355
323
356
324
357
325
358
359
327
360
328
361
329
362
330
363
331
364
332
365
333
366
334
367
335
368
336
369
337
370
338
371
339
372
340
373
341
374
342
375
343
376
344
377
345
378
346
379
347
380
348
381
349
382
350
383
351
384
352
385
353
386
354
387
355
388
356
389
357
390
358
391
359
392
393
361
394
362
395
363
396
364
397
365
398
366
399
367
400
368
401
369
402
370
403
371
404
372
405
373
406
374
407
375
408
376
409
377
410
378
411
379
412
380
413
381
414
382
415
383
416
384
417
385
418
386
419
387
420
388
421
389
422
390
423
391
424
392
425
393
426
427
395
428
396
429
397
430
398
431
399
432
400
433
401
434
402
435
403
436
404
437
405
438
406
439
407
440
408
441
409
442
410
443
411
444
412
445
413
446
414
447
415
448
416
449
417
450
418
451
419
452
420
453
421
454
422
455
423
456
424
457
425
458
426
459
427
460
461
429
430
431
432
433
434
435
436
437
438
439
440
441
442
443
444
445
446
447
448
449
450
451
452
453
454
455
456
457
458
459
460
461
463
469
924
464
470
925
465
471
926
466
472
927
467
473
928
468
474
929
475
511
930
470
476
471
477
472
478
473
479
474
480
475
481
482
536
477
483
478
484
479
485
480
486
481
487
482
488
489
561
484
490
485
491
486
492
487
493
488
494
489
495
496
586
491
497
492
498
493
499
494
500
495
501
496
502
503
611
498
504
499
505
500
506
501
507
502
508
503
509
510
636
505
506
507
508
509
510
661
512
536
2374
513
537
2375
514
538
2376
515
539
2377
516
540
2378
517
541
2379
518
542
2380
519
543
2381
520
544
2382
521
545
2383
522
546
2384
523
547
2385
524
548
2386
525
549
2387
526
550
2388
527
551
2389
528
552
2390
529
553
2391
530
554
2392
531
555
2393
532
556
2394
533
557
2395
534
558
2396
535
559
2397
560
686
2398
537
561
538
562
539
563
540
564
541
565
542
566
543
567
544
568
545
569
546
570
547
571
548
572
549
573
550
574
551
575
552
576
553
577
554
578
555
579
556
580
557
581
558
582
559
583
560
584
585
720
562
586
563
587
564
588
565
589
566
590
567
591
568
592
569
593
570
594
571
595
572
596
573
597
574
598
575
599
576
600
577
601
578
602
579
603
580
604
581
605
582
606
583
607
584
608
585
609
610
754
587
611
588
612
589
613
590
614
591
615
592
616
593
617
594
618
595
619
596
620
597
621
598
622
599
623
600
624
601
625
602
626
603
627
604
628
605
629
606
630
607
631
608
632
609
633
610
634
635
788
612
636
613
637
614
638
615
639
616
640
617
641
618
642
619
643
620
644
621
645
622
646
623
647
624
648
625
649
626
650
627
651
628
652
629
653
630
654
631
655
632
656
633
657
634
658
635
659
660
822
637
661
638
662
639
663
640
664
641
665
642
666
643
667
644
668
645
669
646
670
647
671
648
672
649
673
650
674
651
675
652
676
653
677
654
678
655
679
656
680
657
681
658
682
659
683
660
684
685
856
662
663
664
665
666
667
668
669
670
671
672
673
674
675
676
677
678
679
680
681
682
683
684
685
890
687
720
2999
688
721
3000
689
722
3001
690
723
3002
691
724
3003
692
725
3004
693
726
3005
694
727
3006
695
728
3007
696
729
3008
697
730
3009
698
731
3010
699
732
3011
700
733
3012
701
734
3013
702
735
3014
703
736
3015
704
737
3016
705
738
3017
706
739
3018
707
740
3019
708
741
3020
709
742
3021
710
743
3022
711
744
3023
712
745
3024
713
746
3025
714
747
3026
715
748
3027
716
749
3028
717
750
3029
718
751
3030
719
752
3031
753
3032
721
754
722
755
723
756
724
757
725
758
726
759
727
760
728
761
729
762
730
763
731
764
732
765
733
766
734
767
735
768
736
769
737
770
738
771
739
772
740
773
741
774
742
775
743
776
744
777
745
778
746
779
747
780
748
781
749
782
750
783
751
784
752
785
753
786
787
755
788
756
789
757
790
758
791
759
792
760
793
761
794
762
795
763
796
764
797
765
798
766
799
767
800
768
801
769
802
770
803
771
804
772
805
773
806
774
807
775
808
776
809
777
810
778
811
779
812
780
813
781
814
782
815
783
816
784
817
785
818
786
819
787
820
821
789
822
790
823
791
824
792
825
793
826
794
827
795
828
796
829
797
830
798
831
799
832
800
833
801
834
802
835
803
836
804
837
805
838
806
839
807
840
808
841
809
842
810
843
811
844
812
845
813
846
814
847
815
848
816
849
817
850
818
851
819
852
820
853
821
854
855
823
856
824
857
825
858
826
859
827
860
828
861
829
862
830
863
831
864
832
865
833
866
834
867
835
868
836
869
837
870
838
871
839
872
840
873
841
874
842
875
843
876
844
877
845
878
846
879
847
880
848
881
849
882
850
883
851
884
852
885
853
886
854
887
855
888
889
857
890
858
891
859
892
860
893
861
894
862
895
863
896
864
897
865
898
866
899
867
900
868
901
869
902
870
903
871
904
872
905
873
906
874
907
875
908
876
909
877
910
878
911
879
912
880
913
881
914
882
915
883
916
884
917
885
918
886
919
887
920
888
921
889
922
923
891
892
893
894
895
896
897
898
899
900
901
902
903
904
905
906
907
908
909
910
911
912
913
914
915
916
917
918
919
920
921
922
923
925
931
926
932
927
933
928
934
929
935
930
936
937
1099
932
938
933
939
934
940
935
941
936
942
937
943
944
1113
939
945
940
946
941
947
942
948
943
949
944
950
951
1127
946
952
947
953
948
954
949
955
950
956
951
957
958
1141
953
959
954
960
955
961
956
962
957
963
958
964
965
1155
960
966
961
967
962
968
963
969
964
970
965
971
972
1169
967
973
968
974
969
975
970
976
971
977
972
978
979
1183
974
980
975
981
976
982
977
983
978
984
979
985
986
1197
981
987
982
988
983
989
984
990
985
991
986
992
993
1211
988
994
989
995
990
996
991
997
992
998
993
999
1000
1225
995
1001
996
1002
997
1003
998
1004
999
1005
1000
1006
1007
1239
1002
1008
1003
1009
1004
1010
1005
1011
1006
1012
1007
1013
1014
1253
1009
1015
1010
1016
1011
1017
1012
1018
1013
1019
1014
1020
1021
1267
1016
1022
1017
1023
1018
1024
1019
1025
1020
1026
1021
1027
1028
1281
1023
1029
1024
1030
1025
1031
1026
1032
1027
1033
1028
1034
1035
1295
1030
1036
1031
1037
1032
1038
1033
1039
1034
1040
1035
1041
1042
1309
1037
1043
1038
1044
1039
1045
1040
1046
1041
1047
1042
1048
1049
1323
1044
1050
1045
1051
1046
1052
1047
1053
1048
1054
1049
1055
1056
1337
1051
1057
1052
1058
1053
1059
1054
1060
1055
1061
1056
1062
1063
1351
1058
1064
1059
1065
1060
1066
1061
1067
1062
1068
1063
1069
1070
1365
1065
1071
1066
1072
1067
1073
1068
1074
1069
1075
1070
1076
1077
1379
1072
1078
1073
1079
1074
1080
1075
1081
1076
1082
1077
1083
1084
1393
1079
1085
1080
1086
1081
1087
1082
1088
1083
1089
1084
1090
1091
1407
1086
1092
1087
1093
1088
1094
1089
1095
1090
1096
1091
1097
1098
1421
1093
1094
1095
1096
1097
1098
1435
1100
1113
2374
1101
1114
2349
1102
1115
2324
1103
1116
2299
1104
1117
2274
1105
1118
2249
1106
1119
2224
1107
1120
2199
1108
1121
2174
1109
1122
2149
1110
1123
2124
1111
1124
2099
1112
1125
2074
1126
1569
2049
1114
1127
1115
1128
1116
1129
1117
1130
1118
1131
1119
1132
1120
1133
1121
1134
1122
1135
1123
1136
1124
1137
1125
1138
1126
1139
1140
1564
1128
1141
1129
1142
1130
1143
1131
1144
1132
1145
1133
1146
1134
1147
1135
1148
1136
1149
1137
1150
1138
1151
1139
1152
1140
1153
1154
1559
1142
1155
1143
1156
1144
1157
1145
1158
1146
1159
1147
1160
1148
1161
1149
1162
1150
1163
1151
1164
1152
1165
1153
1166
1154
1167
1168
1554
1156
1169
1157
1170
1158
1171
1159
1172
1160
1173
1161
1174
1162
1175
1163
1176
1164
1177
1165
1178
1166
1179
1167
1180
1168
1181
1182
1549
1170
1183
1171
1184
1172
1185
1173
1186
1174
1187
1175
1188
1176
1189
1177
1190
1178
1191
1179
1192
1180
1193
1181
1194
1182
1195
1196
1544
1184
1197
1185
1198
1186
1199
1187
1200
1188
1201
1189
1202
1190
1203
1191
1204
1192
1205
1193
1206
1194
1207
1195
1208
1196
1209
1210
1539
1198
1211
1199
1212
1200
1213
1201
1214
1202
1215
1203
1216
1204
1217
1205
1218
1206
1219
1207
1220
1208
1221
1209
1222
1210
1223
1224
1534
1212
1225
1213
1226
1214
1227
1215
1228
1216
1229
1217
1230
1218
1231
1219
1232
1220
1233
1221
1234
1222
1235
1223
1236
1224
1237
1238
1529
1226
1239
1227
1240
1228
1241
1229
1242
1230
1243
1231
1244
1232
1245
1233
1246
1234
1247
1235
1248
1236
1249
1237
1250
1238
1251
1252
1524
1240
1253
1241
1254
1242
1255
1243
1256
1244
1257
1245
1258
1246
1259
1247
1260
1248
1261
1249
1262
1250
1263
1251
1264
1252
1265
1266
1519
1254
1267
1255
1268
1256
1269
1257
1270
1258
1271
1259
1272
1260
1273
1261
1274
1262
1275
1263
1276
1264
1277
1265
1278
1266
1279
1280
1514
1268
1281
1269
1282
1270
1283
1271
1284
1272
1285
1273
1286
1274
1287
1275
1288
1276
1289
1277
1290
1278
1291
1279
1292
1280
1293
1294
1509
1282
1295
1283
1296
1284
1297
1285
1298
1286
1299
1287
1300
1288
1301
1289
1302
1290
1303
1291
1304
1292
1305
1293
1306
1294
1307
1308
1504
1296
1309
1297
1310
1298
1311
1299
1312
1300
1313
1301
1314
1302
1315
1303
1316
1304
1317
1305
1318
1306
1319
1307
1320
1308
1321
1322
1499
1310
1323
1311
1324
1312
1325
1313
1326
1314
1327
1315
1328
1316
1329
1317
1330
1318
1331
1319
1332
1320
1333
1321
1334
1322
1335
1336
1494
1324
1337
1325
1338
1326
1339
1327
1340
1328
1341
1329
1342
1330
1343
1331
1344
1332
1345
1333
1346
1334
1347
1335
1348
1336
1349
1350
1489
1338
1351
1339
1352
1340
1353
1341
1354
1342
1355
1343
1356
1344
1357
1345
1358
1346
1359
1347
1360
1348
1361
1349
1362
1350
1363
1364
1484
1352
1365
1353
1366
1354
1367
1355
1368
1356
1369
1357
1370
1358
1371
1359
1372
1360
1373
1361
1374
1362
1375
1363
1376
1364
1377
1378
1479
1366
1379
1367
1380
1368
1381
1369
1382
1370
1383
1371
1384
1372
1385
1373
1386
1374
1387
1375
1388
1376
1389
1377
1390
1378
1391
1392
1474
1380
1393
1381
1394
1382
1395
1383
1396
1384
1397
1385
1398
1386
1399
1387
1400
1388
1401
1389
1402
1390
1403
1391
1404
1392
1405
1406
1469
1394
1407
1395
1408
1396
1409
1397
1410
1398
1411
1399
1412
1400
1413
1401
1414
1402
1415
1403
1416
1404
1417
1405
1418
1406
1419
1420
1464
1408
1421
1409
1422
1410
1423
1411
1424
1412
1425
1413
1426
1414
1427
1415
1428
1416
1429
1417
1430
1418
1431
1419
1432
1420
1433
1434
1459
1422
1435
1423
1436
1424
1437
1425
1438
1426
1439
1427
1440
1428
1441
1429
1442
1430
1443
1431
1444
1432
1445
1433
1446
1434
1447
1448
1454
1436
2974
1437
2949
1438
2924
1439
2899
1440
2874
1441
2849
1442
2824
1443
2799
1444
2774
1445
2749
1446
2724
1447
2699
1448
2674
1449
2649
1450
1454
2624
1451
1455
2599
1452
1456
2574
1453
1457
2549
1458
2524
1455
1459
1456
1460
1457
1461
1458
1462
1463
1460
1464
1461
1465
1462
1466
1463
1467
1468
1465
1469
1466
1470
1467
1471
1468
1472
1473
1470
1474
1471
1475
1472
1476
1473
1477
1478
1475
1479
1476
1480
1477
1481
1478
1482
1483
1480
1484
1481
1485
1482
1486
1483
1487
1488
1485
1489
1486
1490
1487
1491
1488
1492
1493
1490
1494
1491
1495
1492
1496
1493
1497
1498
1495
1499
1496
1500
1497
1501
1498
1502
1503
1500
1504
1501
1505
1502
1506
1503
1507
1508
1505
1509
1506
1510
1507
1511
1508
1512
1513
1510
1514
1511
1515
1512
1516
1513
1517
1518
1515
1519
1516
1520
1517
1521
1518
1522
1523
1520
1524
1521
1525
1522
1526
1523
1527
1528
1525
1529
1526
1530
1527
1531
1528
1532
1533
1530
1534
1531
1535
1532
1536
1533
1537
1538
1535
1539
1536
1540
1537
1541
1538
1542
1543
1540
1544
1541
1545
1542
1546
1543
1547
1548
1545
1549
1546
1550
1547
1551
1548
1552
1553
1550
1554
1551
1555
1552
1556
1553
1557
1558
1555
1559
1556
1560
1557
1561
1558
1562
1563
1560
1564
1561
1565
1562
1566
1563
1567
1568
1565
1569
1566
1570
1567
1571
1568
1572
1573
1570
2499
1571
2474
1572
2449
1573
2424
2399
1575
1579
2423
1576
1580
2448
1577
1581
2473
1578
1582
2498
1583
1699
2523
1580
1584
1581
1585
1582
1586
1583
1587
1588
1713
1585
1589
1586
1590
1587
1591
1588
1592
1593
1727
1590
1594
1591
1595
1592
1596
1593
1597
1598
1741
1595
1599
1596
1600
1597
1601
1598
1602
1603
1755
1600
1604
1601
1605
1602
1606
1603
1607
1608
1769
1605
1609
1606
1610
1607
1611
1608
1612
1613
1783
1610
1614
1611
1615
1612
1616
1613
1617
1618
1797
1615
1619
1616
1620
1617
1621
1618
1622
1623
1811
1620
1624
1621
1625
1622
1626
1623
1627
1628
1825
1625
1629
1626
1630
1627
1631
1628
1632
1633
1839
1630
1634
1631
1635
1632
1636
1633
1637
1638
1853
1635
1639
1636
1640
1637
1641
1638
1642
1643
1867
1640
1644
1641
1645
1642
1646
1643
1647
1648
1881
1645
1649
1646
1650
1647
1651
1648
1652
1653
1895
1650
1654
1651
1655
1652
1656
1653
1657
1658
1909
1655
1659
1656
1660
1657
1661
1658
1662
1663
1923
1660
1664
1661
1665
1662
1666
1663
1667
1668
1937
1665
1669
1666
1670
1667
1671
1668
1672
1673
1951
1670
1674
1671
1675
1672
1676
1673
1677
1678
1965
1675
1679
1676
1680
1677
1681
1678
1682
1683
1979
1680
1684
1681
1685
1682
1686
1683
1687
1688
1993
1685
1689
1686
1690
1687
1691
1688
1692
1693
2007
1690
1694
1691
1695
1692
1696
1693
1697
1698
2021
1695
2548
1696
2573
1697
2598
1698
2623
2035
2648
1700
1713
2073
1701
1714
2098
1702
1715
2123
1703
1716
2148
1704
1717
2173
1705
1718
2198
1706
1719
2223
1707
1720
2248
1708
1721
2273
1709
1722
2298
1710
1723
2323
1711
1724
2348
1712
1725
2373
1726
2398
2999
1714
1727
1715
1728
1716
1729
1717
1730
1718
1731
1719
1732
1720
1733
1721
1734
1722
1735
1723
1736
1724
1737
1725
1738
1726
1739
1740
3033
1728
1741
1729
1742
1730
1743
1731
1744
1732
1745
1733
1746
1734
1747
1735
1748
1736
1749
1737
1750
1738
1751
1739
1752
1740
1753
1754
3067
1742
1755
1743
1756
1744
1757
1745
1758
1746
1759
1747
1760
1748
1761
1749
1762
1750
1763
1751
1764
1752
1765
1753
1766
1754
1767
1768
3101
1756
1769
1757
1770
1758
1771
1759
1772
1760
1773
1761
1774
1762
1775
1763
1776
1764
1777
1765
1778
1766
1779
1767
1780
1768
1781
1782
3135
1770
1783
1771
1784
1772
1785
1773
1786
1774
1787
1775
1788
1776
1789
1777
1790
1778
1791
1779
1792
1780
1793
1781
1794
1782
1795
1796
3169
1784
1797
1785
1798
1786
1799
1787
1800
1788
1801
1789
1802
1790
1803
1791
1804
1792
1805
1793
1806
1794
1807
1795
1808
1796
1809
1810
3203
1798
1811
1799
1812
1800
1813
1801
1814
1802
1815
1803
1816
1804
1817
1805
1818
1806
1819
1807
1820
1808
1821
1809
1822
1810
1823
1824
3237
1812
1825
1813
1826
1814
1827
1815
1828
1816
1829
1817
1830
1818
1831
1819
1832
1820
1833
1821
1834
1822
1835
1823
1836
1824
1837
1838
3271
1826
1839
1827
1840
1828
1841
1829
1842
1830
1843
1831
1844
1832
1845
1833
1846
1834
1847
1835
1848
1836
1849
1837
1850
1838
1851
1852
3305
1840
1853
1841
1854
1842
1855
1843
1856
1844
1857
1845
1858
1846
1859
1847
1860
1848
1861
1849
1862
1850
1863
1851
1864
1852
1865
1866
3339
1854
1867
1855
1868
1856
1869
1857
1870
1858
1871
1859
1872
1860
1873
1861
1874
1862
1875
1863
1876
1864
1877
1865
1878
1866
1879
1880
3373
1868
1881
1869
1882
1870
1883
1871
1884
1872
1885
1873
1886
1874
1887
1875
1888
1876
1889
1877
1890
1878
1891
1879
1892
1880
1893
1894
3407
1882
1895
1883
1896
1884
1897
1885
1898
1886
1899
1887
1900
1888
1901
1889
1902
1890
1903
1891
1904
1892
1905
1893
1906
1894
1907
1908
3441
1896
1909
1897
1910
1898
1911
1899
1912
1900
1913
1901
1914
1902
1915
1903
1916
1904
1917
1905
1918
1906
1919
1907
1920
1908
1921
1922
3475
1910
1923
1911
1924
1912
1925
1913
1926
1914
1927
1915
1928
1916
1929
1917
1930
1918
1931
1919
1932
1920
1933
1921
1934
1922
1935
1936
3509
1924
1937
1925
1938
1926
1939
1927
1940
1928
1941
1929
1942
1930
1943
1931
1944
1932
1945
1933
1946
1934
1947
1935
1948
1936
1949
1950
3543
1938
1951
1939
1952
1940
1953
1941
1954
1942
1955
1943
1956
1944
1957
1945
1958
1946
1959
1947
1960
1948
1961
1949
1962
1950
1963
1964
3577
1952
1965
1953
1966
1954
1967
1955
1968
1956
1969
1957
1970
1958
1971
1959
1972
1960
1973
1961
1974
1962
1975
1963
1976
1964
1977
1978
3611
1966
1979
1967
1980
1968
1981
1969
1982
1970
1983
1971
1984
1972
1985
1973
1986
1974
1987
1975
1988
1976
1989
1977
1990
1978
1991
1992
3645
1980
1993
1981
1994
1982
1995
1983
1996
1984
1997
1985
1998
1986
1999
1987
2000
1988
2001
1989
2002
1990
2003
1991
2004
1992
2005
2006
3679
1994
2007
1995
2008
1996
2009
1997
2010
1998
2011
1999
2012
2000
2013
2001
2014
2002
2015
2003
2016
2004
2017
2005
2018
2006
2019
2020
3713
2008
2021
2009
2022
2010
2023
2011
2024
2012
2025
2013
2026
2014
2027
2015
2028
2016
2029
2017
2030
2018
2031
2019
2032
2020
2033
2034
3747
2022
2035
2023
2036
2024
2037
2025
2038
2026
2039
2027
2040
2028
2041
2029
2042
2030
2043
2031
2044
2032
2045
2033
2046
2034
2047
2048
3781
2036
2673
2037
2698
2038
2723
2039
2748
2040
2773
2041
2798
2042
2823
2043
2848
2044
2873
2045
2898
2046
2923
2047
2948
2048
2973
2998
3815
2050
2074
2499
2051
2075
2500
2052
2076
2501
2053
2077
2502
2054
2078
2503
2055
2079
2504
2056
2080
2505
2057
2081
2506
2058
2082
2507
2059
2083
2508
2060
2084
2509
2061
2085
2510
2062
2086
2511
2063
2087
2512
2064
2088
2513
2065
2089
2514
2066
2090
2515
2067
2091
2516
2068
2092
2517
2069
2093
2518
2070
2094
2519
2071
2095
2520
2072
2096
2521
2073
2097
2522
2098
2523
2075
2099
2076
2100
2077
2101
2078
2102
2079
2103
2080
2104
2081
2105
2082
2106
2083
2107
2084
2108
2085
2109
2086
2110
2087
2111
2088
2112
2089
2113
2090
2114
2091
2115
2092
2116
2093
2117
2094
2118
2095
2119
2096
2120
2097
2121
2098
2122
2123
2100
2124
2101
2125
2102
2126
2103
2127
2104
2128
2105
2129
2106
2130
2107
2131
2108
2132
2109
2133
2110
2134
2111
2135
2112
2136
2113
2137
2114
2138
2115
2139
2116
2140
2117
2141
2118
2142
2119
2143
2120
2144
2121
2145
2122
2146
2123
2147
2148
2125
2149
2126
2150
2127
2151
2128
2152
2129
2153
2130
2154
2131
2155
2132
2156
2133
2157
2134
2158
2135
2159
2136
2160
2137
2161
2138
2162
2139
2163
2140
2164
2141
2165
2142
2166
2143
2167
2144
2168
2145
2169
2146
2170
2147
2171
2148
2172
2173
2150
2174
2151
2175
2152
2176
2153
2177
2154
2178
2155
2179
2156
2180
2157
2181
2158
2182
2159
2183
2160
2184
2161
2185
2162
2186
2163
2187
2164
2188
2165
2189
2166
2190
2167
2191
2168
2192
2169
2193
2170
2194
2171
2195
2172
2196
2173
2197
2198
2175
2199
2176
2200
2177
2201
2178
2202
2179
2203
2180
2204
2181
2205
2182
2206
2183
2207
2184
2208
2185
2209
2186
2210
2187
2211
2188
2212
2189
2213
2190
2214
2191
2215
2192
2216
2193
2217
2194
2218
2195
2219
2196
2220
2197
2221
2198
2222
2223
2200
2224
2201
2225
2202
2226
2203
2227
2204
2228
2205
2229
2206
2230
2207
2231
2208
2232
2209
2233
2210
2234
2211
2235
2212
2236
2213
2237
2214
2238
2215
2239
2216
2240
2217
2241
2218
2242
2219
2243
2220
2244
2221
2245
2222
2246
2223
2247
2248
2225
2249
2226
2250
2227
2251
2228
2252
2229
2253
2230
2254
2231
2255
2232
2256
2233
2257
2234
2258
2235
2259
2236
2260
2237
2261
2238
2262
2239
2263
2240
2264
2241
2265
2242
2266
2243
2267
2244
2268
2245
2269
2246
2270
2247
2271
2248
2272
2273
2250
2274
2251
2275
2252
2276
2253
2277
2254
2278
2255
2279
2256
2280
2257
2281
2258
2282
2259
2283
2260
2284
2261
2285
2262
2286
2263
2287
2264
2288
2265
2289
2266
2290
2267
2291
2268
2292
2269
2293
2270
2294
2271
2295
2272
2296
2273
2297
2298
2275
2299
2276
2300
2277
2301
2278
2302
2279
2303
2280
2304
2281
2305
2282
2306
2283
2307
2284
2308
2285
2309
2286
2310
2287
2311
2288
2312
2289
2313
2290
2314
2291
2315
2292
2316
2293
2317
2294
2318
2295
2319
2296
2320
2297
2321
2298
2322
2323
2300
2324
2301
2325
2302
2326
2303
2327
2304
2328
2305
2329
2306
2330
2307
2331
2308
2332
2309
2333
2310
2334
2311
2335
2312
2336
2313
2337
2314
2338
2315
2339
2316
2340
2317
2341
2318
2342
2319
2343
2320
2344
2321
2345
2322
2346
2323
2347
2348
2325
2349
2326
2350
2327
2351
2328
2352
2329
2353
2330
2354
2331
2355
2332
2356
2333
2357
2334
2358
2335
2359
2336
2360
2337
2361
2338
2362
2339
2363
2340
2364
2341
2365
2342
2366
2343
2367
2344
2368
2345
2369
2346
2370
2347
2371
2348
2372
2373
2350
2374
2351
2375
2352
2376
2353
2377
2354
2378
2355
2379
2356
2380
2357
2381
2358
2382
2359
2383
2360
2384
2361
2385
2362
2386
2363
2387
2364
2388
2365
2389
2366
2390
2367
2391
2368
2392
2369
2393
2370
2394
2371
2395
2372
2396
2373
2397
2398
2375
2376
2377
2378
2379
2380
2381
2382
2383
2384
2385
2386
2387
2388
2389
2390
2391
2392
2393
2394
2395
2396
2397
2398
2400
2424
2401
2425
2402
2426
2403
2427
2404
2428
2405
2429
2406
2430
2407
2431
2408
2432
2409
2433
2410
2434
2411
2435
2412
2436
2413
2437
2414
2438
2415
2439
2416
2440
2417
2441
2418
2442
2419
2443
2420
2444
2421
2445
2422
2446
2423
2447
2448
2425
2449
2426
2450
2427
2451
2428
2452
2429
2453
2430
2454
2431
2455
2432
2456
2433
2457
2434
2458
2435
2459
2436
2460
2437
2461
2438
2462
2439
2463
2440
2464
2441
2465
2442
2466
2443
2467
2444
2468
2445
2469
2446
2470
2447
2471
2448
2472
2473
2450
2474
2451
2475
2452
2476
2453
2477
2454
2478
2455
2479
2456
2480
2457
2481
2458
2482
2459
2483
2460
2484
2461
2485
2462
2486
2463
2487
2464
2488
2465
2489
2466
2490
2467
2491
2468
2492
2469
2493
2470
2494
2471
2495
2472
2496
2473
2497
2498
2475
2499
2476
2500
2477
2501
2478
2502
2479
2503
2480
2504
2481
2505
2482
2506
2483
2507
2484
2508
2485
2509
2486
2510
2487
2511
2488
2512
2489
2513
2490
2514
2491
2515
2492
2516
2493
2517
2494
2518
2495
2519
2496
2520
2497
2521
2498
2522
2523
2500
2501
2502
2503
2504
2505
2506
2507
2508
2509
2510
2511
2512
2513
2514
2515
2516
2517
2518
2519
2520
2521
2522
2523
2525
2549
2526
2550
2527
2551
2528
2552
2529
2553
2530
2554
2531
2555
2532
2556
2533
2557
2534
2558
2535
2559
2536
2560
2537
2561
2538
2562
2539
2563
2540
2564
2541
2565
2542
2566
2543
2567
2544
2568
2545
2569
2546
2570
2547
2571
2548
2572
2573
2550
2574
2551
2575
2552
2576
2553
2577
2554
2578
2555
2579
2556
2580
2557
2581
2558
2582
2559
2583
2560
2584
2561
2585
2562
2586
2563
2587
2564
2588
2565
2589
2566
2590
2567
2591
2568
2592
2569
2593
2570
2594
2571
2595
2572
2596
2573
2597
2598
2575
2599
2576
2600
2577
2601
2578
2602
2579
2603
2580
2604
2581
2605
2582
2606
2583
2607
2584
2608
2585
2609
2586
2610
2587
2611
2588
2612
2589
2613
2590
2614
2591
2615
2592
2616
2593
2617
2594
2618
2595
2619
2596
2620
2597
2621
2598
2622
2623
2600
2624
2601
2625
2602
2626
2603
2627
2604
2628
2605
2629
2606
2630
2607
2631
2608
2632
2609
2633
2610
2634
2611
2635
2612
2636
2613
2637
2614
2638
2615
2639
2616
2640
2617
2641
2618
2642
2619
2643
2620
2644
2621
2645
2622
2646
2623
2647
2648
2625
2649
2626
2650
2627
2651
2628
2652
2629
2653
2630
2654
2631
2655
2632
2656
2633
2657
2634
2658
2635
2659
2636
2660
2637
2661
2638
2662
2639
2663
2640
2664
2641
2665
2642
2666
2643
2667
2644
2668
2645
2669
2646
2670
2647
2671
2648
2672
2673
2650
2674
2651
2675
2652
2676
2653
2677
2654
2678
2655
2679
2656
2680
2657
2681
2658
2682
2659
2683
2660
2684
2661
2685
2662
2686
2663
2687
2664
2688
2665
2689
2666
2690
2667
2691
2668
2692
2669
2693
2670
2694
2671
2695
2672
2696
2673
2697
2698
2675
2699
2676
2700
2677
2701
2678
2702
2679
2703
2680
2704
2681
2705
2682
2706
2683
2707
2684
2708
2685
2709
2686
2710
2687
2711
2688
2712
2689
2713
2690
2714
2691
2715
2692
2716
2693
2717
2694
2718
2695
2719
2696
2720
2697
2721
2698
2722
2723
2700
2724
2701
2725
2702
2726
2703
2727
2704
2728
2705
2729
2706
2730
2707
2731
2708
2732
2709
2733
2710
2734
2711
2735
2712
2736
2713
2737
2714
2738
2715
2739
2716
2740
2717
2741
2718
2742
2719
2743
2720
2744
2721
2745
2722
2746
2723
2747
2748
2725
2749
2726
2750
2727
2751
2728
2752
2729
2753
2730
2754
2731
2755
2732
2756
2733
2757
2734
2758
2735
2759
2736
2760
2737
2761
2738
2762
2739
2763
2740
2764
2741
2765
2742
2766
2743
2767
2744
2768
2745
2769
2746
2770
2747
2771
2748
2772
2773
2750
2774
2751
2775
2752
2776
2753
2777
2754
2778
2755
2779
2756
2780
2757
2781
2758
2782
2759
2783
2760
2784
2761
2785
2762
2786
2763
2787
2764
2788
2765
2789
2766
2790
2767
2791
2768
2792
2769
2793
2770
2794
2771
2795
2772
2796
2773
2797
2798
2775
2799
2776
2800
2777
2801
2778
2802
2779
2803
2780
2804
2781
2805
2782
2806
2783
2807
2784
2808
2785
2809
2786
2810
2787
2811
2788
2812
2789
2813
2790
2814
2791
2815
2792
2816
2793
2817
2794
2818
2795
2819
2796
2820
2797
2821
2798
2822
2823
2800
2824
2801
2825
2802
2826
2803
2827
2804
2828
2805
2829
2806
2830
2807
2831
2808
2832
2809
2833
2810
2834
2811
2835
2812
2836
2813
2837
2814
2838
2815
2839
2816
2840
2817
2841
2818
2842
2819
2843
2820
2844
2821
2845
2822
2846
2823
2847
2848
2825
2849
2826
2850
2827
2851
2828
2852
2829
2853
2830
2854
2831
2855
2832
2856
2833
2857
2834
2858
2835
2859
2836
2860
2837
2861
2838
2862
2839
2863
2840
2864
2841
2865
2842
2866
2843
2867
2844
2868
2845
2869
2846
2870
2847
2871
2848
2872
2873
2850
2874
2851
2875
2852
2876
2853
2877
2854
2878
2855
2879
2856
2880
2857
2881
2858
2882
2859
2883
2860
2884
2861
2885
2862
2886
2863
2887
2864
2888
2865
2889
2866
2890
2867
2891
2868
2892
2869
2893
2870
2894
2871
2895
2872
2896
2873
2897
2898
2875
2899
2876
2900
2877
2901
2878
2902
2879
2903
2880
2904
2881
2905
2882
2906
2883
2907
2884
2908
2885
2909
2886
2910
2887
2911
2888
2912
2889
2913
2890
2914
2891
2915
2892
2916
2893
2917
2894
2918
2895
2919
2896
2920
2897
2921
2898
2922
2923
2900
2924
2901
2925
2902
2926
2903
2927
2904
2928
2905
2929
2906
2930
2907
2931
2908
2932
2909
2933
2910
2934
2911
2935
2912
2936
2913
2937
2914
2938
2915
2939
2916
2940
2917
2941
2918
2942
2919
2943
2920
2944
2921
2945
2922
2946
2923
2947
2948
2925
2949
2926
2950
2927
2951
2928
2952
2929
2953
2930
2954
2931
2955
2932
2956
2933
2957
2934
2958
2935
2959
2936
2960
2937
2961
2938
2962
2939
2963
2940
2964
2941
2965
2942
2966
2943
2967
2944
2968
2945
2969
2946
2970
2947
2971
2948
2972
2973
2950
2974
2951
2975
2952
2976
2953
2977
2954
2978
2955
2979
2956
2980
2957
2981
2958
2982
2959
2983
2960
2984
2961
2985
2962
2986
2963
2987
2964
2988
2965
2989
2966
2990
2967
2991
2968
2992
2969
2993
2970
2994
2971
2995
2972
2996
2973
2997
2998
2975
2976
2977
2978
2979
2980
2981
2982
2983
2984
2985
2986
2987
2988
2989
2990
2991
2992
2993
2994
2995
2996
2997
2998
3000
3033
3001
3034
3002
3035
3003
3036
3004
3037
3005
3038
3006
3039
3007
3040
3008
3041
3009
3042
3010
3043
3011
3044
3012
3045
3013
3046
3014
3047
3015
3048
3016
3049
3017
3050
3018
3051
3019
3052
3020
3053
3021
3054
3022
3055
3023
3056
3024
3057
3025
3058
3026
3059
3027
3060
3028
3061
3029
3062
3030
3063
3031
3064
3032
3065
3066
3034
3067
3035
3068
3036
3069
3037
3070
3038
3071
3039
3072
3040
3073
3041
3074
3042
3075
3043
3076
3044
3077
3045
3078
3046
3079
3047
3080
3048
3081
3049
3082
3050
3083
3051
3084
3052
3085
3053
3086
3054
3087
3055
3088
3056
3089
3057
3090
3058
3091
3059
3092
3060
3093
3061
3094
3062
3095
3063
3096
3064
3097
3065
3098
3066
3099
3100
3068
3101
3069
3102
3070
3103
3071
3104
3072
3105
3073
3106
3074
3107
3075
3108
3076
3109
3077
3110
3078
3111
3079
3112
3080
3113
3081
3114
3082
3115
3083
3116
3084
3117
3085
3118
3086
3119
3087
3120
3088
3121
3089
3122
3090
3123
3091
3124
3092
3125
3093
3126
3094
3127
3095
3128
3096
3129
3097
3130
3098
3131
3099
3132
3100
3133
3134
3102
3135
3103
3136
3104
3137
3105
3138
3106
3139
3107
3140
3108
3141
3109
3142
3110
3143
3111
3144
3112
3145
3113
3146
3114
3147
3115
3148
3116
3149
3117
3150
3118
3151
3119
3152
3120
3153
3121
3154
3122
3155
3123
3156
3124
3157
3125
3158
3126
3159
3127
3160
3128
3161
3129
3162
3130
3163
3131
3164
3132
3165
3133
3166
3134
3167
3168
3136
3169
3137
3170
3138
3171
3139
3172
3140
3173
3141
3174
3142
3175
3143
3176
3144
3177
3145
3178
3146
3179
3147
3180
3148
3181
3149
3182
3150
3183
3151
3184
3152
3185
3153
3186
3154
3187
3155
3188
3156
3189
3157
3190
3158
3191
3159
3192
3160
3193
3161
3194
3162
3195
3163
3196
3164
3197
3165
3198
3166
3199
3167
3200
3168
3201
3202
3170
3203
3171
3204
3172
3205
3173
3206
3174
3207
3175
3208
3176
3209
3177
3210
3178
3211
3179
3212
3180
3213
3181
3214
3182
3215
3183
3216
3184
3217
3185
3218
3186
3219
3187
3220
3188
3221
3189
3222
3190
3223
3191
3224
3192
3225
3193
3226
3194
3227
3195
3228
3196
3229
3197
3230
3198
3231
3199
3232
3200
3233
3201
3234
3202
3235
3236
3204
3237
3205
3238
3206
3239
3207
3240
3208
3241
3209
3242
3210
3243
3211
3244
3212
3245
3213
3246
3214
3247
3215
3248
3216
3249
3217
3250
3218
3251
3219
3252
3220
3253
3221
3254
3222
3255
3223
3256
3224
3257
3225
3258
3226
3259
3227
3260
3228
3261
3229
3262
3230
3263
3231
3264
3232
3265
3233
3266
3234
3267
3235
3268
3236
3269
3270
3238
3271
3239
3272
3240
3273
3241
3274
3242
3275
3243
3276
3244
3277
3245
3278
3246
3279
3247
3280
3248
3281
3249
3282
3250
3283
3251
3284
3252
3285
3253
3286
3254
3287
3255
3288
3256
3289
3257
3290
3258
3291
3259
3292
3260
3293
3261
3294
3262
3295
3263
3296
3264
3297
3265
3298
3266
3299
3267
3300
3268
3301
3269
3302
3270
3303
3304
3272
3305
3273
3306
3274
3307
3275
3308
3276
3309
3277
3310
3278
3311
3279
3312
3280
3313
3281
3314
3282
3315
3283
3316
3284
3317
3285
3318
3286
3319
3287
3320
3288
3321
3289
3322
3290
3323
3291
3324
3292
3325
3293
3326
3294
3327
3295
3328
3296
3329
3297
3330
3298
3331
3299
3332
3300
3333
3301
3334
3302
3335
3303
3336
3304
3337
3338
3306
3339
3307
3340
3308
3341
3309
3342
3310
3343
3311
3344
3312
3345
3313
3346
3314
3347
3315
3348
3316
3349
3317
3350
3318
3351
3319
3352
3320
3353
3321
3354
3322
3355
3323
3356
3324
3357
3325
3358
3326
3359
3327
3360
3328
3361
3329
3362
3330
3363
3331
3364
3332
3365
3333
3366
3334
3367
3335
3368
3336
3369
3337
3370
3338
3371
3372
3340
3373
3341
3374
3342
3375
3343
3376
3344
3377
3345
3378
3346
3379
3347
3380
3348
3381
3349
3382
3350
3383
3351
3384
3352
3385
3353
3386
3354
3387
3355
3388
3356
3389
3357
3390
3358
3391
3359
3392
3360
3393
3361
3394
3362
3395
3363
3396
3364
3397
3365
3398
3366
3399
3367
3400
3368
3401
3369
3402
3370
3403
3371
3404
3372
3405
3406
3374
3407
3375
3408
3376
3409
3377
3410
3378
3411
3379
3412
3380
3413
3381
3414
3382
3415
3383
3416
3384
3417
3385
3418
3386
3419
3387
3420
3388
3421
3389
3422
3390
3423
3391
3424
3392
3425
3393
3426
3394
3427
3395
3428
3396
3429
3397
3430
3398
3431
3399
3432
3400
3433
3401
3434
3402
3435
3403
3436
3404
3437
3405
3438
3406
3439
3440
3408
3441
3409
3442
3410
3443
3411
3444
3412
3445
3413
3446
3414
3447
3415
3448
3416
3449
3417
3450
3418
3451
3419
3452
3420
3453
3421
3454
3422
3455
3423
3456
3424
3457
3425
3458
3426
3459
3427
3460
3428
3461
3429
3462
3430
3463
3431
3464
3432
3465
3433
3466
3434
3467
3435
3468
3436
3469
3437
3470
3438
3471
3439
3472
3440
3473
3474
3442
3475
3443
3476
3444
3477
3445
3478
3446
3479
3447
3480
3448
3481
3449
3482
3450
3483
3451
3484
3452
3485
3453
3486
3454
3487
3455
3488
3456
3489
3457
3490
3458
3491
3459
3492
3460
3493
3461
3494
3462
3495
3463
3496
3464
3497
3465
3498
3466
3499
3467
3500
3468
3501
3469
3502
3470
3503
3471
3504
3472
3505
3473
3506
3474
3507
3508
3476
3509
3477
3510
3478
3511
3479
3512
3480
3513
3481
3514
3482
3515
3483
3516
3484
3517
3485
3518
3486
3519
3487
3520
3488
3521
3489
3522
3490
3523
3491
3524
3492
3525
3493
3526
3494
3527
3495
3528
3496
3529
3497
3530
3498
3531
3499
3532
3500
3533
3501
3534
3502
3535
3503
3536
3504
3537
3505
3538
3506
3539
3507
3540
3508
3541
3542
3510
3543
3511
3544
3512
3545
3513
3546
3514
3547
3515
3548
3516
3549
3517
3550
3518
3551
3519
3552
3520
3553
3521
3554
3522
3555
3523
3556
3524
3557
3525
3558
3526
3559
3527
3560
3528
3561
3529
3562
3530
3563
3531
3564
3532
3565
3533
3566
3534
3567
3535
3568
3536
3569
3537
3570
3538
3571
3539
3572
3540
3573
3541
3574
3542
3575
3576
3544
3577
3545
3578
3546
3579
3547
3580
3548
3581
3549
3582
3550
3583
3551
3584
3552
3585
3553
3586
3554
3587
3555
3588
3556
3589
3557
3590
3558
3591
3559
3592
3560
3593
3561
3594
3562
3595
3563
3596
3564
3597
3565
3598
3566
3599
3567
3600
3568
3601
3569
3602
3570
3603
3571
3604
3572
3605
3573
3606
3574
3607
3575
3608
3576
3609
3610
3578
3611
3579
3612
3580
3613
3581
3614
3582
3615
3583
3616
3584
3617
3585
3618
3586
3619
3587
3620
3588
3621
3589
3622
3590
3623
3591
3624
3592
3625
3593
3626
3594
3627
3595
3628
3596
3629
3597
3630
3598
3631
3599
3632
3600
3633
3601
3634
3602
3635
3603
3636
3604
3637
3605
3638
3606
3639
3607
3640
3608
3641
3609
3642
3610
3643
3644
3612
3645
3613
3646
3614
3647
3615
3648
3616
3649
3617
3650
3618
3651
3619
3652
3620
3653
3621
3654
3622
3655
3623
3656
3624
3657
3625
3658
3626
3659
3627
3660
3628
3661
3629
3662
3630
3663
3631
3664
3632
3665
3633
3666
3634
3667
3635
3668
3636
3669
3637
3670
3638
3671
3639
3672
3640
3673
3641
3674
3642
3675
3643
3676
3644
3677
3678
3646
3679
3647
3680
3648
3681
3649
3682
3650
3683
3651
3684
3652
3685
3653
3686
3654
3687
3655
3688
3656
3689
3657
3690
3658
3691
3659
3692
3660
3693
3661
3694
3662
3695
3663
3696
3664
3697
3665
3698
3666
3699
3667
3700
3668
3701
3669
3702
3670
3703
3671
3704
3672
3705
3673
3706
3674
3707
3675
3708
3676
3709
3677
3710
3678
3711
3712
3680
3713
3681
3714
3682
3715
3683
3716
3684
3717
3685
3718
3686
3719
3687
3720
3688
3721
3689
3722
3690
3723
3691
3724
3692
3725
3693
3726
3694
3727
3695
3728
3696
3729
3697
3730
3698
3731
3699
3732
3700
3733
3701
3734
3702
3735
3703
3736
3704
3737
3705
3738
3706
3739
3707
3740
3708
3741
3709
3742
3710
3743
3711
3744
3712
3745
3746
3714
3747
3715
3748
3716
3749
3717
3750
3718
3751
3719
3752
3720
3753
3721
3754
3722
3755
3723
3756
3724
3757
3725
3758
3726
3759
3727
3760
3728
3761
3729
3762
3730
3763
3731
3764
3732
3765
3733
3766
3734
3767
3735
3768
3736
3769
3737
3770
3738
3771
3739
3772
3740
3773
3741
3774
3742
3775
3743
3776
3744
3777
3745
3778
3746
3779
3780
3748
3781
3749
3782
3750
3783
3751
3784
3752
3785
3753
3786
3754
3787
3755
3788
3756
3789
3757
3790
3758
3791
3759
3792
3760
3793
3761
3794
3762
3795
3763
3796
3764
3797
3765
3798
3766
3799
3767
3800
3768
3801
3769
3802
3770
3803
3771
3804
3772
3805
3773
3806
3774
3807
3775
3808
3776
3809
3777
3810
3778
3811
3779
3812
3780
3813
3814
3782
3815
3783
3816
3784
3817
3785
3818
3786
3819
3787
3820
3788
3821
3789
3822
3790
3823
3791
3824
3792
3825
3793
3826
3794
3827
3795
3828
3796
3829
3797
3830
3798
3831
3799
3832
3800
3833
3801
3834
3802
3835
3803
3836
3804
3837
3805
3838
3806
3839
3807
3840
3808
3841
3809
3842
3810
3843
3811
3844
3812
3845
3813
3846
3814
3847
3848
3816
3817
3818
3819
3820
3821
3822
3823
3824
3825
3826
3827
3828
3829
3830
3831
3832
3833
3834
3835
3836
3837
3838
3839
3840
3841
3842
3843
3844
3845
3846
3847
3848
)


// ************************************************************************* //
